date,close,pct_change,main_net_inflow,main_net_pct,big_net_inflow,super_big_net_inflow,medium_net_inflow,small_net_inflow,ticker
20200102,,0.0,32950700.0,0.0,19048000.00000003,-225899.99999998327,33988299.99999998,-52810400.00000001,000977
20200103,,0.0,111950500.0,0.0,66852300.00000003,169274199.99999997,-111937200.00000001,-124189300.0,000977
20200106,,0.0,-109177800.0,0.0,-4232299.999999995,-135986500.0,59423600.000000045,80795099.99999999,000977
20200107,,0.0,-97536200.00000001,0.0,-40794500.00000001,-115115899.99999999,45858200.0,110052100.00000001,000977
20200108,,0.0,-389618399.99999994,0.0,-103957199.99999994,-274386600.00000006,81296700.00000006,297047100.0,000977
20200109,,0.0,650802200.0,0.0,88140000.0,422135200.00000006,-191674600.0,-318600499.99999994,000977
20200110,,0.0,73124300.0,0.0,-21175999.999999985,-44308200.0,33683100.00000005,31800900.0,000977
20200113,,0.0,239407400.00000003,0.0,74852099.99999999,67877799.99999999,-60785400.00000001,-81944500.0,000977
20200114,,0.0,-216107500.0,0.0,-88214900.00000001,-165757699.99999997,86973600.00000004,166999100.0,000977
20200115,,0.0,-18650300.0,0.0,-22160000.0,6106700.000000001,1469399.999999987,14583899.999999994,000977
20200116,,0.0,-17743300.0,0.0,-104204499.99999997,-20921600.0,33972000.00000001,91154000.00000001,000977
20200117,,0.0,378438100.0,0.0,-21192500.0,335148800.00000006,-102035100.00000001,-211921299.99999997,000977
20200120,,0.0,259733400.0,0.0,-8743500.000000058,106213700.00000003,-43691800.0,-53778300.000000015,000977
20200121,,0.0,-61640800.0,0.0,-27710300.00000006,-78728300.00000001,26480000.0,79958500.00000001,000977
20200122,,0.0,201747100.0,0.0,55539700.000000015,78081100.00000004,-54995700.0,-78625099.99999999,000977
20200123,,0.0,-349882300.00000006,0.0,-118442399.99999999,-155146400.0,2374499.999999971,271214300.0,000977
20200203,,0.0,-44824900.0,0.0,-73500399.99999994,86792900.00000001,-64154500.000000045,50862099.99999999,000977
20200204,,0.0,157603500.0,0.0,134465000.00000006,-86480400.00000001,44016300.000000045,-92000900.00000004,000977
20200205,,0.0,-34723800.0,0.0,-104078700.0000001,7630400.000000008,58592400.00000005,37855800.000000015,000977
20200206,,0.0,81297400.0,0.0,-92502000.00000012,572569000.0,-267366400.0,-212700600.00000006,000977
20200207,,0.0,-418102800.0,0.0,-277405100.0000001,119693099.99999997,17137700.00000004,140574400.00000003,000977
20200210,,0.0,-174644700.0,0.0,-30917099.999999918,-596596299.9999999,264010800.00000003,363502600.0000001,000977
20200211,,0.0,-68420700.0,0.0,-20091100.000000007,-45529199.999999985,48480000.0,17140400.000000007,000977
20200212,,0.0,662130399.9999999,0.0,111671700.00000013,212596299.9999999,-159436100.0,-164831900.00000003,000977
20200213,,0.0,18474100.0,0.0,-163003599.99999985,-11623300.000000017,24773099.999999978,149853900.0,000977
20200214,,0.0,-213625900.0,0.0,-102362099.99999993,-271223300.0,110792199.99999994,262793100.0,000977
20200217,,0.0,-101390400.00000001,0.0,-128100599.99999997,35331399.99999999,40805800.000000015,51963400.00000004,000977
20200218,,0.0,76796900.0,0.0,-239660400.0000001,49979900.00000005,70946400.0,118734199.99999999,000977
20200219,,0.0,-647259900.0,0.0,-329705200.00000006,-173299600.00000006,116220599.99999997,386784200.00000006,000977
20200220,,0.0,203068100.0,0.0,-95779400.00000003,-82274900.00000006,91547700.00000004,86506500.00000001,000977
20200221,,0.0,132665700.0,0.0,90346800.00000007,-326876100.0,160398699.99999994,76130600.00000004,000977
20200224,,0.0,232238700.0,0.0,-143607999.99999988,-2140700.00000007,-33310300.00000028,179058999.99999994,000977
20200225,,0.0,-622805600.0,0.0,-170026599.99999973,-303203600.0000002,133051399.99999985,340178800.00000006,000977
20200226,,0.0,-9055700.0,0.0,34153499.99999991,-167149300.0,57470299.999999985,75525500.00000003,000977
20200227,,0.0,-374170400.0,0.0,-131987400.0000002,-54054400.00000002,31205200.00000004,154836599.99999997,000977
20200228,,0.0,-503701800.0,0.0,-153134800.00000012,-286700200.00000006,117457099.99999993,322377899.99999994,000977
20200302,,0.0,114501299.99999999,0.0,-34892200.000000015,2972799.9999999884,-54339100.00000004,86258499.99999999,000977
20200303,,0.0,148460600.0,0.0,6918000.000000029,-82638199.99999993,19936900.000000022,55783300.000000015,000977
20200304,,0.0,-160607500.0,0.0,9449499.99999997,-163665200.0,40765099.99999995,113450599.99999997,000977
20200305,,0.0,-155161700.0,0.0,-108428500.00000006,57868000.00000003,5016900.000000023,45543600.00000001,000977
20200306,,0.0,-113201000.0,0.0,-128253099.99999997,-370546799.99999994,263445900.00000003,235353899.99999997,000977
20200309,,0.0,-233196100.0,0.0,-58281000.00000006,-69219799.99999996,7033699.999999953,120467000.00000004,000977
20200310,,0.0,375435199.99999994,0.0,23900699.999999925,187214199.99999997,-69094300.00000007,-142020599.99999997,000977
20200319,,0.0,-20683400.0,0.0,-205592600.0000001,12076399.999999994,18360100.000000093,175156100.0,000977
20200320,,0.0,63501700.0,0.0,-22914799.99999996,113936900.00000003,-84245700.0,-6776499.999999942,000977
20200323,,0.0,-89421000.0,0.0,-1312799.9999999884,-24424599.999999993,-23408799.999999974,49146199.999999955,000977
20200324,,0.0,-101375400.00000001,0.0,8390800.000000017,35242200.000000015,-85707799.99999999,42074800.00000003,000977
20200325,,0.0,181444400.0,0.0,4611800.000000003,180027900.00000006,-112737200.00000001,-71902599.99999999,000977
20200326,,0.0,-165470900.0,0.0,-71740599.99999997,-106288000.0,16478899.999999994,161549700.0,000977
20200327,,0.0,-264367000.0,0.0,-81671600.0,-65818900.000000015,11401700.000000056,136088900.0,000977
20200330,,0.0,-42649200.0,0.0,170102500.0,-73173400.0,-50844000.000000015,-46085200.00000001,000977
20200331,,0.0,61568800.0,0.0,220400.00000000873,10650400.00000001,25958300.00000002,-36829100.0,000977
20200401,,0.0,-66301600.0,0.0,-41645799.99999998,-142844800.0,28298200.000000034,156192300.0,000977
20200402,,0.0,333918000.0,0.0,153847899.99999994,187089100.00000003,-53659799.99999996,-287277100.0,000977
20200403,,0.0,-124648600.0,0.0,-100983800.00000001,-34064700.000000015,-16418899.999999994,151467499.99999997,000977
20200407,,0.0,8841000.0,0.0,18268899.999999993,95511300.00000001,-82640500.00000003,-31139799.999999996,000977
20200408,,0.0,58148100.00000001,0.0,49808999.99999994,-32581499.999999978,-39718400.00000004,22490900.0,000977
20200409,,0.0,-62317400.0,0.0,-27831300.00000001,-11654800.000000013,-19826800.000000004,59312799.999999985,000977
20200410,,0.0,-299987700.0,0.0,-119698400.0,-143802700.0,-9082600.00000002,272583599.99999994,000977
20200413,,0.0,-370039600.0,0.0,-225844499.99999997,-252110500.00000003,73621200.00000003,404333700.0,000977
20200414,,0.0,90614000.0,0.0,33459400.000000022,-20465499.999999993,-23474800.000000034,10480900.000000002,000977
20200415,,0.0,-59071200.0,0.0,3015600.0000000494,68611699.99999999,-67126700.00000001,-4500600.000000013,000977
20200416,,0.0,15036400.000000002,0.0,31722799.99999999,49704699.99999999,-27433099.999999978,-53994300.0,000977
20200417,,0.0,32312000.0,0.0,56978899.99999999,-31048400.0,-27510699.999999996,1580199.9999999679,000977
20200420,,0.0,265869100.0,0.0,75493700.0000001,114645999.99999999,-46222999.99999988,-143916700.00000006,000977
20200421,,0.0,227111900.0,0.0,-116871799.99999993,129965999.99999999,-9877399.99999998,-3216800.000000003,000977
20200422,,0.0,-28904699.999999996,0.0,-32968399.999999966,-31708799.999999993,-11026699.999999983,75703700.00000003,000977
20200423,,0.0,-120293000.0,0.0,-25902799.99999999,-48393899.99999999,-16824399.99999995,91121100.0,000977
20200424,,0.0,-316110400.0,0.0,-120101500.00000001,-238671900.0,81647300.00000003,277126000.0,000977
20200427,,0.0,-3970400.0,0.0,65236600.0,-241951600.00000003,79485600.00000001,97229400.0,000977
20200428,,0.0,190556900.0,0.0,131208399.99999997,-26228500.000000022,-8536900.000000022,-96443000.00000003,000977
20200429,,0.0,113167700.0,0.0,16393699.99999999,47351600.0,-2445199.999999968,-61300099.999999985,000977
20200430,,0.0,561878500.0,0.0,7726300.000000047,381158200.00000006,-241363699.99999994,-147520700.0,000977
20200506,,0.0,298421100.0,0.0,80179499.99999997,48284300.0,-91375899.99999997,-37087900.00000001,000977
20200507,,0.0,-139769600.0,0.0,-19973899.999999993,-67398100.00000001,7937200.000000011,79434800.0,000977
20200508,,0.0,66434300.0,0.0,-32433500.00000006,38033499.999999985,13394799.999999959,-18994799.99999996,000977
20200511,,0.0,-171230700.0,0.0,-69015100.00000001,-95985900.0,45636699.999999985,119364499.99999997,000977
20200512,,0.0,266766300.0,0.0,27445199.999999966,178830200.0,-152984800.00000003,-53290599.99999998,000977
20200513,,0.0,-267028500.0,0.0,-34403899.99999999,-126744800.0,98369100.00000003,62779599.99999999,000977
20200514,,0.0,-98883900.0,0.0,-17665999.999999985,-45466700.0,-20922099.999999993,84054700.00000001,000977
20200515,,0.0,62453500.0,0.0,34048399.99999996,72653299.99999999,-52375899.99999996,-54325899.99999996,000977
20200518,,0.0,-259491300.0,0.0,-134815800.00000003,-241044299.99999997,147186400.0,228673799.99999997,000977
20200519,,0.0,335153399.99999994,0.0,54105999.999999985,125747799.99999999,-88352200.00000001,-91501500.00000001,000977
20200520,,0.0,201822200.0,0.0,82137600.00000009,36304499.99999997,-75099100.00000003,-43342900.00000001,000977
20200521,,0.0,-360917699.99999994,0.0,-17920399.999999937,-157162599.99999997,68964000.00000001,106119000.00000001,000977
20200522,,0.0,-136672200.0,0.0,-102434899.99999999,-13002199.999999976,21705800.00000002,93731300.00000001,000977
20200525,,0.0,-248318300.00000003,0.0,-132321800.0,-72756899.99999999,3561800.000000003,201516900.0,000977
20200526,,0.0,120980200.0,0.0,-11307700.000000004,112044699.99999997,-34969500.000000045,-65767500.0,000977
20200527,,0.0,-188311500.0,0.0,-14787999.999999993,-138735300.0,25355299.99999999,128167999.99999996,000977
20200528,,0.0,26522000.0,0.0,-31599100.0,3679200.000000001,-28538100.000000015,56457900.00000001,000977
20200529,,0.0,-64840800.0,0.0,-55870299.999999985,-23351000.000000004,-9426300.00000001,88647700.0,000977
20200601,,0.0,224247500.0,0.0,46799100.00000004,145762600.0,-85968200.00000007,-106593499.99999999,000977
20200602,,0.0,-8143200.000000001,0.0,-27803700.000000026,59142199.99999998,-74564700.00000001,43226100.00000001,000977
20200603,,0.0,-620303600.0,0.0,-239985099.99999994,-1108819399.9999998,430400800.0,918403700.0,000977
20200604,,0.0,-101397300.0,0.0,-158930900.00000003,-143279400.0,89239000.00000001,212971300.0,000977
20200605,,0.0,-89070400.00000001,0.0,-16338800.00000001,-34225799.99999998,5572600.0000000205,44992099.99999999,000977
20200608,,0.0,-134391500.0,0.0,5665699.999999997,-69704700.0,400800.00000001746,63638299.99999998,000977
20200609,,0.0,106375400.00000001,0.0,34419799.99999999,-20363999.999999996,-4417200.000000011,-9638600.000000006,000977
20200610,,0.0,227258400.0,0.0,50747800.00000006,54397500.0,36405199.99999997,-141550500.0,000977
20200611,,0.0,84943900.0,0.0,-50403300.000000015,57602200.000000015,37849599.99999999,-45048499.999999985,000977
20200612,,0.0,318764900.0,0.0,114597399.99999999,101876300.00000004,-104975599.99999997,-111498100.00000001,000977
20200615,,0.0,-300724600.0,0.0,-87564600.00000003,-274181500.0,109053900.0,252692200.0,000977
20200616,,0.0,112403300.0,0.0,48098899.99999999,12447700.000000004,10005100.00000002,-70551800.0,000977
20200617,,0.0,-193031699.99999997,0.0,-79627399.99999999,-153497900.0,97251500.00000001,135873799.99999997,000977
20200618,,0.0,760846500.0,0.0,30233999.99999994,402139600.0,-192371200.00000003,-240002400.00000003,000977
20200619,,0.0,126452500.0,0.0,-19898899.999999993,-23198299.99999998,42376600.00000004,720400.0000000087,000977
20200622,,0.0,23457399.999999996,0.0,43127800.00000006,32007999.999999993,-34883200.0,-40252599.999999985,000977
20200623,,0.0,312485600.0,0.0,22871200.000000026,210250300.0,-116979200.00000006,-116142300.00000003,000977
20200624,,0.0,6235400.0,0.0,9002100.000000063,-114596100.0,71820599.99999997,33773400.0,000977
20200629,,0.0,-615510400.0,0.0,-237226999.99999997,-679303600.0,157780800.00000003,758749700.0,000977
20200630,,0.0,-113904599.99999999,0.0,-137726299.99999997,-106705800.00000001,73526599.99999996,170905400.0,000977
20200701,,0.0,-685940800.0,0.0,-115241200.00000024,-2182348600.0,850530300.0000001,1447059500.0,000977
20200702,,0.0,-258849600.0,0.0,-340570300.0,-163593099.99999997,156748200.00000006,347415000.0,000977
20200703,,0.0,101261100.0,0.0,-92652200.00000001,126460000.0,-28082500.0,-5725199.999999896,000977
20200706,,0.0,421484300.0,0.0,33057200.00000001,126888100.00000004,-47445800.000000015,-112499600.00000006,000977
20200707,,0.0,27655500.0,0.0,56303200.00000007,-90013499.99999991,-46453900.00000014,80164400.00000003,000977
20200708,,0.0,839191799.9999999,0.0,7200199.999999896,466922099.99999994,-261550300.0,-212571999.99999997,000977
20200709,,0.0,-5743800.0,0.0,-6920400.000000082,-47743699.999999955,14010899.999999965,40653199.999999925,000977
20200710,,0.0,153235400.0,0.0,23408999.99999994,-159343999.99999994,29492900.000000082,106442099.99999999,000977
20200713,,0.0,107325000.0,0.0,-6159700.000000011,-24014400.000000022,29852899.999999937,321099.99999993306,000977
20200714,,0.0,-620592200.0,0.0,-157000300.0,-444199900.0,186168199.9999999,415031899.99999994,000977
20200715,,0.0,-446369200.0,0.0,-126033300.00000016,-212047200.0,66038300.000000015,272042199.99999994,000977
20200716,,0.0,-394445000.0,0.0,-64116300.000000045,-216932699.99999997,37967100.00000007,243081800.0000001,000977
20200717,,0.0,-45580200.00000001,0.0,-92821300.00000004,-106100800.00000001,5453399.999999965,193468699.99999994,000977
20200720,,0.0,-49448800.0,0.0,-36877600.00000002,-86162200.00000001,14323199.999999996,108716400.0,000977
20200721,,0.0,-237700700.0,0.0,-47395800.000000015,-46004900.000000015,-42678600.00000001,136079400.0,000977
20200722,,0.0,-91386800.0,0.0,-64765800.000000015,-25986500.000000015,-59190000.0,149942299.99999997,000977
20200723,,0.0,-460384000.0,0.0,-234813700.00000003,-166375900.0,-71474300.0,472663800.00000006,000977
20200724,,0.0,-259559700.0,0.0,-126319199.99999999,-213593000.0,-1969700.0000000116,341882000.0,000977
20200727,,0.0,-324622700.0,0.0,-58296600.00000004,-153676800.00000003,-8374800.000000032,220348200.0,000977
20200728,,0.0,-119659400.0,0.0,-19273299.99999998,-51064500.00000001,-25390800.00000002,95728699.99999999,000977
20200729,,0.0,387528399.99999994,0.0,-29958300.00000002,145191900.00000003,30120299.99999999,-145353699.99999994,000977
20200730,,0.0,-263140000.0,0.0,-94609700.00000001,-103032600.0,18315699.999999996,179326600.00000003,000977
20200731,,0.0,-14358900.000000002,0.0,-41141499.99999994,485299.99999998836,2803600.0000000056,37852600.00000002,000977
20200803,,0.0,191462900.0,0.0,57413799.99999997,52874500.00000001,-57603500.00000006,-52684800.00000003,000977
20200804,,0.0,-548633400.0,0.0,-144916699.99999997,-157797500.00000003,-39550899.99999996,342265099.99999994,000977
20200805,,0.0,-187571500.0,0.0,-85389200.00000001,-93118300.00000001,20762300.000000034,157745300.0,000977
20200806,,0.0,146273800.0,0.0,16003300.000000017,-73954199.99999999,29013399.999999966,28937500.0,000977
20200807,,0.0,-332947300.00000006,0.0,-145594899.99999997,-164000300.0,37158700.00000003,272436300.0,000977
20200810,,0.0,256772400.00000003,0.0,35465900.00000004,12500600.00000005,1641399.9999999942,-49607899.99999993,000977
20200811,,0.0,-469403399.99999994,0.0,-139212500.0,-196366900.00000003,8879300.000000004,326700199.99999994,000977
20200812,,0.0,-430536900.0,0.0,-195141100.0,-155358000.0,-42800499.999999955,393299599.99999994,000977
20200813,,0.0,-129945500.0,0.0,-49599399.999999985,-47460200.00000001,-31937500.0,128997200.00000001,000977
20200814,,0.0,51708700.0,0.0,-7140200.000000005,-9876499.999999996,-2345900.0000000014,19362600.00000002,000977
20200817,,0.0,87813500.0,0.0,8220699.999999997,18963900.00000001,-5983900.000000067,-21200699.999999996,000977
20200818,,0.0,-38519800.0,0.0,-6545499.999999993,8860000.0,-29244900.000000015,26930400.000000007,000977
20200819,,0.0,-221250000.0,0.0,-89837000.0,-45705400.00000001,-59612799.999999985,195155300.00000003,000977
20200820,,0.0,22561900.0,0.0,-41086800.0,444300.0000000029,-7227099.999999992,47869599.99999999,000977
20200821,,0.0,-116554700.0,0.0,-140581599.99999997,-177597700.0,105936799.99999997,212242400.00000003,000977
20200824,,0.0,-7569100.0,0.0,-22528999.999999978,-60343400.00000002,11674300.000000004,71198200.0,000977
20200825,,0.0,-56699399.99999999,0.0,-47374399.999999985,-4905100.000000002,19645899.999999966,32633599.99999997,000977
20200826,,0.0,-141947300.0,0.0,-7867000.000000007,-41851699.99999999,-982900.0000000087,50701699.999999985,000977
20200827,,0.0,-98785600.0,0.0,-79729800.0,-5573900.000000012,-5739699.999999975,91043299.99999999,000977
20200828,,0.0,57395100.0,0.0,-42204500.00000001,68107100.00000001,3010000.0,-28912700.000000004,000977
20200831,,0.0,-205878100.0,0.0,-67084300.0,-28749599.999999993,20838600.000000007,74995200.00000004,000977
20200901,,0.0,-101699200.0,0.0,-39851299.99999999,-85503400.0,26327100.000000026,99027600.0,000977
20200902,,0.0,-280554000.0,0.0,-55325200.00000001,-160278700.0,19310000.0,196293900.00000003,000977
20200903,,0.0,-110240600.0,0.0,-48608700.00000001,-57636800.0,3432200.0000000116,102813400.0,000977
20200904,,0.0,-4057200.0000000005,0.0,-32600500.00000001,-10928899.999999994,-4886000.000000021,48415399.99999999,000977
20200907,,0.0,-224269400.0,0.0,-79274299.99999999,-141356599.99999997,16480799.999999981,204150000.0,000977
20200908,,0.0,-199089300.0,0.0,-134892100.0,-31453000.00000001,-36138300.000000015,202483399.99999997,000977
20200909,,0.0,-125202500.0,0.0,-30791300.00000001,-118953200.0,-26884299.99999993,176628700.00000003,000977
20200910,,0.0,-114312900.00000001,0.0,-49801700.00000002,-45043899.99999999,5499699.999999975,89345800.00000001,000977
20200911,,0.0,117109500.0,0.0,-9758500.000000022,32294600.000000004,-16711499.999999978,-5824700.000000011,000977
20200914,,0.0,-52286300.0,0.0,-60852199.99999999,7654200.000000001,-12589799.999999996,65787799.999999985,000977
20200915,,0.0,2925800.0,0.0,-3431599.9999999986,9681700.0,-15643300.0,9393300.0,000977
20200916,,0.0,-54658400.0,0.0,-26218400.0,-29553600.000000007,6439300.000000003,49332700.00000001,000977
20200917,,0.0,140774600.0,0.0,24933099.999999978,66757400.0,-24743199.999999996,-66947200.000000015,000977
20200918,,0.0,-21566700.0,0.0,8972999.999999993,4230899.999999993,-7284899.9999999795,-5918900.000000031,000977
20200921,,0.0,-74441900.0,0.0,-38664200.0,-432300.0000000047,39474500.00000001,-377799.99999998836,000977
20200922,,0.0,-74577400.0,0.0,-20237600.000000004,-25114900.000000004,38087600.00000002,7264799.999999995,000977
20200923,,0.0,45688400.0,0.0,-12748999.999999996,-12551699.999999996,3121799.9999999846,22178899.999999993,000977
20200924,,0.0,-88017099.99999999,0.0,-75219899.99999999,-68852300.0,52281800.0,91790500.0,000977
20200925,,0.0,18110100.0,0.0,-11081499.999999996,-6068299.999999999,11816700.0,5333199.999999997,000977
20200928,,0.0,-110519300.0,0.0,7268700.000000008,-9870000.0,-29653000.00000001,32254300.000000004,000977
20200929,,0.0,36342900.0,0.0,-27428400.0,-7247599.999999997,31289599.999999993,3386400.0000000126,000977
20200930,,0.0,-78122000.0,0.0,-17364500.000000007,-8784800.0,9185599.999999994,16963600.000000007,000977
20201009,,0.0,94004800.0,0.0,-17144599.999999993,14913600.000000006,42427200.000000015,-40196200.00000001,000977
20201012,,0.0,58939100.0,0.0,53023899.99999999,25799799.999999996,-21326199.99999999,-57497400.000000015,000977
20201013,,0.0,149042200.0,0.0,75448699.99999999,-43986600.00000001,59226500.000000015,-90688599.99999997,000977
20201014,,0.0,-51282299.99999999,0.0,-28662900.000000007,-59480000.00000001,22895100.00000002,65247799.999999985,000977
20201015,,0.0,-69853000.0,0.0,-38620000.0,-39549300.0,13239499.999999989,64929800.000000015,000977
20201016,,0.0,-106979400.0,0.0,-99131000.0,-82011700.0,94572300.0,86570299.99999999,000977
20201019,,0.0,24571200.0,0.0,-32132800.000000026,-36065300.0,46357600.00000002,21840400.000000007,000977
20201020,,0.0,164046699.99999997,0.0,21805799.99999998,-8450200.000000004,14288099.999999978,-27643699.99999999,000977
20201021,,0.0,-268728900.0,0.0,-24487399.99999998,-95258500.0,-5892399.9999999795,125638299.99999999,000977
20201022,,0.0,-27380900.0,0.0,-24137300.000000004,5524400.000000001,5404699.9999999935,13208300.000000017,000977
20201023,,0.0,-2817200.0000000005,0.0,-11596300.000000002,2526699.9999999995,3589400.000000005,5480300.0000000065,000977
20201026,,0.0,-68744200.0,0.0,-15530900.000000002,-33072300.000000004,2369699.9999999935,46233500.0,000977
20201027,,0.0,-1096100.0,0.0,-14154200.0,-5331199.999999999,10714400.000000006,8771100.000000006,000977
20201028,,0.0,-76152400.0,0.0,-48926799.999999985,-41717000.0,19197200.00000001,71446500.00000001,000977
20201029,,0.0,21180400.0,0.0,-27634500.000000007,-3208200.000000002,25235500.00000001,5607200.000000011,000977
20201030,,0.0,-18718600.0,0.0,-41627600.0,-32169100.0,1684199.9999999825,72112400.0,000977
20201102,,0.0,-370437100.0,0.0,-93230900.00000004,-391327600.0,135309099.99999997,349249500.00000006,000977
20201103,,0.0,-75130500.0,0.0,15575300.000000024,8593300.000000007,-4671000.000000021,-19497500.0,000977
20201104,,0.0,-25793800.0,0.0,-7858199.999999997,-6296300.000000001,-3240000.0,17394400.000000004,000977
20201105,,0.0,66085800.0,0.0,7373199.999999997,38156899.99999999,26404600.000000026,-71934800.00000003,000977
20201106,,0.0,-111969000.0,0.0,-1653599.9999999695,-20753599.999999996,-5545100.0000000205,27952299.999999996,000977
20201109,,0.0,190424800.0,0.0,57519999.99999996,56817099.99999999,-13471399.999999994,-100865700.00000003,000977
20201110,,0.0,-106473300.0,0.0,-17623899.999999993,-61370500.00000001,14477399.99999998,64517000.00000001,000977
20201111,,0.0,-165382100.0,0.0,-25439699.999999993,-66494400.00000001,-15740800.000000017,107674900.00000001,000977
20201112,,0.0,-59649900.0,0.0,-8085300.0000000065,14601500.000000006,-4816000.000000004,-1700200.0000000044,000977
20201113,,0.0,4220000.0,0.0,-13726800.000000004,-26842699.999999996,9368400.000000002,31201000.000000004,000977
20201116,,0.0,-34187000.0,0.0,-1304600.0000000095,-15599500.000000002,-4631500.000000015,21535600.000000015,000977
20201117,,0.0,-87953799.99999999,0.0,-14279899.999999998,-38455900.0,-4650100.000000002,57386000.0,000977
20201118,,0.0,-50866100.0,0.0,5827000.000000007,-18151400.0,-10195599.999999994,22520000.0,000977
20201119,,0.0,25610800.0,0.0,10929799.999999996,20273200.000000007,-18398600.000000007,-12804399.999999987,000977
20201120,,0.0,-80508100.0,0.0,17615499.999999993,-51786800.0,11766599.999999998,22404699.999999993,000977
20201123,,0.0,-49417400.0,0.0,-6980900.000000002,2997399.9999999977,-11325800.000000017,15309299.999999985,000977
20201124,,0.0,-17645100.0,0.0,-13678999.999999996,-8705199.999999994,-6263199.999999997,28647500.0,000977
20201125,,0.0,-57132700.00000001,0.0,-9499699.999999993,-13529800.000000006,-17977000.000000007,41006500.0,000977
20201126,,0.0,-92732900.00000001,0.0,-25190099.999999993,-17104699.999999996,-14682800.000000007,56977499.99999999,000977
20201127,,0.0,-41150300.0,0.0,-23555200.000000004,-16218900.000000002,27795800.0,11978300.0,000977
20201130,,0.0,-7575100.0,0.0,-5232100.000000009,-1657300.0000000002,-9238400.000000002,16127799.999999989,000977
20201201,,0.0,150631900.0,0.0,13744199.999999983,65761200.00000001,-22132500.0,-57372900.00000001,000977
20201202,,0.0,-7763900.0,0.0,1407299.9999999956,5048400.000000002,-9412299.999999996,2956500.0000000144,000977
20201203,,0.0,43498500.0,0.0,10243300.000000017,95639900.0,-44204300.0,-61679000.000000015,000977
20201204,,0.0,-133046500.0,0.0,-33552700.000000004,-69829999.99999999,22509299.999999985,80873400.0,000977
20201207,,0.0,-105546200.00000001,0.0,-17135699.999999996,-47286600.0,6131399.999999994,58291000.0,000977
20201208,,0.0,-70153000.0,0.0,-21583700.0,-27213100.0,1755699.9999999972,47041100.00000001,000977
20201209,,0.0,-15122500.0,0.0,-2308199.999999997,-49292899.99999999,22207900.000000007,29393199.999999996,000977
20201210,,0.0,-93760400.00000001,0.0,-45709900.0,-26866800.000000004,-1566200.000000008,74143000.00000001,000977
20201211,,0.0,-147313900.0,0.0,-40420900.0,-77533799.99999999,26033199.999999996,91921500.00000001,000977
20201214,,0.0,-49157800.0,0.0,-12461099.999999996,-17451900.0,-1076199.9999999898,30989200.0,000977
20201215,,0.0,67284800.0,0.0,14352399.999999998,27854199.999999996,10811499.999999978,-53018100.000000015,000977
20201216,,0.0,-116562400.0,0.0,-32583199.999999996,-24192300.0,-4564300.000000003,61339600.00000001,000977
20201217,,0.0,-78419600.0,0.0,-28916399.999999993,-44464100.0,9942399.999999998,63438099.99999999,000977
20201218,,0.0,-108627600.0,0.0,-37346299.99999999,-39127300.00000001,-50899.999999983265,76524600.00000001,000977
20201221,,0.0,-11040400.0,0.0,7193500.000000004,-4272000.000000003,-8848600.000000006,5927100.000000009,000977
20201222,,0.0,-242908100.0,0.0,-108487100.00000003,-62591900.00000001,-7847000.000000007,178926000.00000003,000977
20201223,,0.0,-40026300.0,0.0,-15141399.999999994,-19707200.000000004,-30696099.99999997,65544699.99999998,000977
20201224,,0.0,-73777200.0,0.0,-21601900.000000004,-28067900.000000004,-812800.0000000065,50482700.00000001,000977
20201225,,0.0,-35975000.0,0.0,-76151100.0,4383900.000000001,24864300.000000004,46902999.99999999,000977
20201228,,0.0,-72944100.0,0.0,-51531500.000000015,-25267400.000000004,14663500.000000022,62135400.00000001,000977
20201229,,0.0,245493400.0,0.0,24263100.000000015,117644500.0,-25929799.99999996,-115977800.00000003,000977
20201230,,0.0,67341800.0,0.0,-960499.9999999928,-11226200.000000007,32427000.000000007,-20240299.99999999,000977
20201231,,0.0,24108500.0,0.0,6724300.000000003,29302199.999999993,-12226699.999999983,-23799900.000000015,000977
20210104,,0.0,41915700.0,0.0,1230200.0000000044,-1759499.9999999981,14518899.999999994,-13989600.000000028,000977
20210105,,0.0,14785600.0,0.0,-7658600.000000006,18673199.999999996,13788300.000000017,-24802999.999999993,000977
20210106,,0.0,-114854000.0,0.0,-23722999.999999993,-63898400.0,5589599.999999992,82031800.0,000977
20210107,,0.0,-88033799.99999999,0.0,-82773200.0,-119189300.0,55933699.99999999,146028700.0,000977
20210108,,0.0,-4837300.0,0.0,32913299.999999944,612365300.0,-277919600.00000006,-367358999.99999994,000977
20210111,,0.0,273890300.0,0.0,20507799.99999999,-264900899.99999997,123957500.0,120435599.99999997,000977
20210112,,0.0,6023000.0,0.0,35671100.00000001,6404300.000000003,13252599.999999948,-55328099.99999998,000977
20210113,,0.0,-92861700.0,0.0,43727500.0,-9530200.000000004,-61053799.99999997,26856500.000000015,000977
20210114,,0.0,229790200.0,0.0,56899200.00000005,-8870900.000000002,-15626800.000000076,-32401499.99999994,000977
20210115,,0.0,-321516500.0,0.0,-66661299.99999997,-106558400.0,-25892999.999999955,199112700.00000003,000977
20210118,,0.0,142397900.0,0.0,46282099.99999999,-10474599.99999999,7473000.000000029,-43280700.0,000977
20210119,,0.0,-178344500.0,0.0,-82227499.99999997,-70373400.0,15198099.999999978,137402800.00000003,000977
20210120,,0.0,-64722600.0,0.0,-36770299.999999985,-3462799.9999999977,1593000.000000029,38640100.00000002,000977
20210121,,0.0,2202700.0,0.0,49841799.99999997,-54790199.999999985,1300800.0000000175,3647600.0000000205,000977
20210122,,0.0,-321581400.0,0.0,-103205100.00000001,-204776500.0,67326000.00000006,240655600.0,000977
20210125,,0.0,71148300.0,0.0,-50173700.00000003,-28913100.000000015,41416299.99999997,37670499.99999999,000977
20210126,,0.0,-225410600.0,0.0,-28632700.000000004,-84136700.00000001,-4506299.999999974,117275799.99999999,000977
20210127,,0.0,-141372900.0,0.0,-107271700.00000001,-56860499.99999999,-11348500.000000058,175480600.0,000977
20210128,,0.0,-114556700.0,0.0,-30820499.999999993,-84167200.00000001,3069200.000000019,111918600.0,000977
20210129,,0.0,-52362600.0,0.0,-29381000.000000022,-40770500.0,-18600099.999999985,88751699.99999999,000977
20210201,,0.0,-97085100.0,0.0,-13603600.000000006,250250199.99999997,-114969400.0,-121677200.00000001,000977
20210202,,0.0,1100518900.0,0.0,42976199.999999955,729855499.9999999,-313516000.00000006,-459315700.0,000977
20210203,,0.0,115800100.0,0.0,38823799.9999999,-374461099.99999994,121548699.99999996,214088600.0000001,000977
20210204,,0.0,-304576500.0,0.0,11999899.99999998,-106711299.99999997,-11630799.999999871,106342199.99999994,000977
20210205,,0.0,-298019900.0,0.0,-52256100.00000001,-117239099.99999999,69641800.0,99853499.99999999,000977
20210208,,0.0,225947599.99999997,0.0,41444399.99999995,111293000.0,-27213100.00000005,-125524300.0,000977
20210209,,0.0,-10233900.0,0.0,44214499.99999997,25098700.000000007,-7842400.000000052,-61470799.99999995,000977
20210210,,0.0,-93632700.0,0.0,-40614600.00000003,-60357200.000000015,-8568800.000000047,109540700.0,000977
20210218,,0.0,376586600.00000006,0.0,129453299.99999987,241975100.00000003,-124849499.99999997,-246578900.0,000977
20210219,,0.0,187092200.0,0.0,75080400.00000007,16794899.99999998,-67003500.00000006,-24871699.99999998,000977
20210222,,0.0,-352456000.0,0.0,-48397700.00000004,-108551800.0,18740400.000000082,138209100.00000003,000977
20210223,,0.0,192540000.0,0.0,127477799.99999999,-3226300.0000000466,-38789300.000000075,-85462199.99999994,000977
20210224,,0.0,-21430900.0,0.0,-36201999.99999997,-85957600.00000001,44300699.999999925,77858900.0,000977
20210225,,0.0,-156493300.0,0.0,-26874400.000000022,-134233400.0,39184900.00000005,121923000.0,000977
20210226,,0.0,18894400.0,0.0,-44512600.00000002,-156069500.0,35009800.00000003,165572200.0,000977
20210301,,0.0,95201600.0,0.0,54552299.99999996,40060800.000000015,-7113199.999999997,-87499999.99999997,000977
20210302,,0.0,-189040500.0,0.0,-48038500.00000002,-139800500.0,26040699.999999996,161798200.00000003,000977
20210303,,0.0,58946500.0,0.0,5681599.999999998,-73963400.0,11381599.999999998,56900299.999999985,000977
20210304,,0.0,-289437600.0,0.0,-49678499.999999985,-76512900.0,22252700.000000004,103938800.00000001,000977
20210305,,0.0,88597500.0,0.0,40573800.00000001,57503400.0,-4940599.999999977,-93136599.99999996,000977
20210308,,0.0,-57096000.0,0.0,-29107699.999999966,-32376900.000000004,27479300.000000004,34005400.00000001,000977
20210309,,0.0,219474500.0,0.0,39262299.99999996,-20055800.00000002,21800000.0,-41006500.000000015,000977
20210310,,0.0,-415260000.0,0.0,-231767799.9999999,-378388800.00000006,105755700.00000007,504401100.0,000977
20210311,,0.0,7076200.0,0.0,-67831899.99999996,29769400.000000004,-1958800.0000000466,40021299.99999997,000977
20210312,,0.0,-133690100.0,0.0,-66249500.00000001,-112121300.00000001,19727100.000000026,158643700.00000003,000977
20210315,,0.0,-170418200.0,0.0,-97876100.0,-17850500.0,-49658400.0,165384899.99999997,000977
20210316,,0.0,-29179899.999999996,0.0,-15211800.000000004,-30275399.999999996,8545000.0,36942000.00000001,000977
20210317,,0.0,-57817100.0,0.0,-29721000.000000004,6168400.000000002,16490699.999999996,7062000.000000007,000977
20210318,,0.0,-71598500.0,0.0,-18431899.999999985,-14708599.999999996,-287999.9999999927,33428400.0,000977
20210319,,0.0,-38026800.0,0.0,-36065900.0,-36786900.00000001,1183700.000000026,71669000.0,000977
20210322,,0.0,24694800.0,0.0,61090299.999999985,19232100.0,-21484100.0,-58838300.0,000977
20210323,,0.0,12534600.0,0.0,34852800.00000002,-508899.9999999987,-13333199.999999996,-21010699.999999996,000977
20210324,,0.0,-18879600.0,0.0,1706800.0000000028,433400.00000000146,-20642200.00000001,18501900.000000004,000977
20210325,,0.0,13088200.0,0.0,7723000.000000011,6231799.999999998,-7916700.000000001,-6038099.999999995,000977
20210326,,0.0,-82655400.00000001,0.0,-20246099.99999999,-39284700.0,12636100.000000006,46894599.99999999,000977
20210329,,0.0,-197148600.0,0.0,-56930900.0,-54388100.00000001,-41192099.99999999,152511200.0,000977
20210330,,0.0,-43436100.0,0.0,-82829800.0,-65837299.99999999,-1138900.0000000305,149806000.0,000977
20210331,,0.0,39220200.0,0.0,-3929599.999999991,7158799.999999999,-31813200.000000015,28583999.999999996,000977
20210401,,0.0,-11387600.0,0.0,9296299.999999993,11465700.000000002,-26984700.00000001,6222700.000000005,000977
20210402,,0.0,-98251299.99999999,0.0,9458300.000000017,-2576599.9999999986,6867599.999999984,-13749300.000000004,000977
20210406,,0.0,-27993500.0,0.0,-27189600.00000001,-3813100.000000004,4283099.999999977,26719400.000000004,000977
20210407,,0.0,-185303700.0,0.0,-21998300.0,-35215199.99999999,-8985800.000000017,66199300.0,000977
20210408,,0.0,-39632200.0,0.0,3663899.9999999944,-29804900.000000004,-3614099.9999999986,29755200.000000004,000977
20210409,,0.0,-335992800.0,0.0,-134330399.99999997,-102011299.99999999,3989599.999999991,232352100.00000003,000977
20210412,,0.0,-50605800.0,0.0,-41359100.0,-10143899.999999998,-24055399.99999999,75558500.0,000977
20210413,,0.0,-68274900.0,0.0,-41550899.99999999,-15021899.999999998,9885300.000000007,46687500.0,000977
20210414,,0.0,46328400.0,0.0,18886900.000000004,-135100.00000000218,-7072900.000000008,-11678899.999999994,000977
20210415,,0.0,166057599.99999997,0.0,18992600.00000002,114917800.0,-39628800.000000045,-94281600.0,000977
20210416,,0.0,-56363500.0,0.0,2889800.000000014,-34208900.0,-10856800.000000004,42175900.00000002,000977
20210419,,0.0,91863200.0,0.0,27904500.000000007,20108899.999999993,-15339799.999999996,-32673699.99999999,000977
20210420,,0.0,-141150400.0,0.0,-20714600.00000001,-52339100.0,11307799.999999989,61745899.999999985,000977
20210421,,0.0,-22322500.0,0.0,2398299.999999999,-11876599.999999998,10475200.000000004,-996899.999999987,000977
20210422,,0.0,73961200.0,0.0,-1445299.9999999884,29306000.0,-7489599.999999992,-20371000.000000004,000977
20210423,,0.0,-108907300.0,0.0,-21258699.99999999,-68965600.0,19200300.000000007,71024100.00000001,000977
20210426,,0.0,108352600.0,0.0,-25767000.000000007,18887500.0,1956199.9999999534,4923400.000000002,000977
20210427,,0.0,-120217800.0,0.0,-51504899.99999998,-22507399.999999996,-16195699.999999996,90208000.00000001,000977
20210428,,0.0,64404000.0,0.0,31326800.000000022,24511500.0,-28060299.99999999,-27777999.999999993,000977
20210429,,0.0,149348500.0,0.0,68833000.0,32825000.0,-13062500.0,-88595500.00000003,000977
20210430,,0.0,-302988600.0,0.0,-111465099.99999999,-157427800.00000003,42791300.000000045,226101600.0,000977
20210506,,0.0,-84756800.0,0.0,-29793500.000000004,-37861000.0,2511000.0000000037,65143700.00000001,000977
20210507,,0.0,-79552800.0,0.0,-24384100.0,-35210500.0,2285000.0,57309500.00000001,000977
20210510,,0.0,-124571700.0,0.0,-72587299.99999997,-5806200.000000004,39618400.0,38775000.0,000977
20210511,,0.0,50505100.0,0.0,28260300.000000007,13159600.0,3524199.9999999823,-44944100.000000015,000977
20210512,,0.0,-24360200.0,0.0,-30782800.000000007,111099.99999999673,13470100.000000002,17201600.0,000977
20210513,,0.0,-88101000.0,0.0,-9393500.000000004,-31029500.0,7375699.999999997,33047299.999999996,000977
20210514,,0.0,41377900.0,0.0,-13958199.999999996,36940999.99999999,-12292600.00000002,-10690200.000000004,000977
20210517,,0.0,4569800.0,0.0,2336500.0000000144,30538400.00000001,-26459300.000000004,-6415500.000000029,000977
20210518,,0.0,5023500.0,0.0,2247299.999999996,21715299.999999996,-4041500.0000000144,-19920999.999999985,000977
20210519,,0.0,-80057900.0,0.0,-32426799.999999985,-59396900.00000001,25486899.999999985,66336800.0,000977
20210520,,0.0,-164300.0,0.0,-1810100.000000002,13992900.0,1010000.0,-13192899.99999999,000977
20210521,,0.0,-131797500.0,0.0,-53794900.0,-34608200.0,7382600.000000002,81020400.00000001,000977
20210524,,0.0,456193200.0,0.0,68148200.0,240532200.0,-97331300.00000004,-211348900.0,000977
20210525,,0.0,307166900.0,0.0,8429100.000000035,156729600.0,-106575100.00000001,-58583600.00000001,000977
20210526,,0.0,-180844500.0,0.0,12700199.999999968,-119891500.00000001,-10777700.000000041,117969000.00000001,000977
20210527,,0.0,-18652900.0,0.0,15023400.000000002,41412300.000000015,-32165000.0,-24270599.999999978,000977
20210528,,0.0,-216946000.0,0.0,-25109100.0,-78160999.99999999,29209799.999999996,74060299.99999999,000977
20210531,,0.0,128285100.0,0.0,-24545700.00000007,21000599.999999978,7427700.000000041,-3882500.0,000977
20210601,,0.0,-141061300.0,0.0,-4762099.999999992,-50674000.0,9540599.999999978,45895499.99999999,000977
20210602,,0.0,-216396600.0,0.0,-55183499.999999985,-125785900.0,40494700.000000015,140474700.0,000977
20210603,,0.0,121969300.0,0.0,3871900.0000000233,78012400.00000001,-3139300.000000003,-78745000.0,000977
20210604,,0.0,142510500.0,0.0,121728600.0,-53139500.00000001,-26329500.000000045,-42259599.99999999,000977
20210607,,0.0,255265500.0,0.0,62239199.999999985,142465300.0,-109509900.00000006,-95194599.99999999,000977
20210608,,0.0,-124817500.0,0.0,-6439099.999999998,-101668799.99999999,43972500.0,64135400.00000001,000977
20210609,,0.0,-190528400.0,0.0,-23826000.000000022,-94413600.0,22442599.999999985,95797100.00000001,000977
20210610,,0.0,325065700.0,0.0,36539800.00000003,172292599.99999997,-74462099.99999999,-134370300.0,000977
20210611,,0.0,-198639400.0,0.0,-12768199.999999996,-152173899.99999997,41181799.99999993,123760500.00000003,000977
20210615,,0.0,-266402000.0,0.0,-74455400.00000001,-167528400.0,34844000.000000015,207139899.99999997,000977
20210616,,0.0,-124790700.0,0.0,-64833099.99999999,-52000199.99999999,10754199.999999983,106079000.00000001,000977
20210617,,0.0,56281500.0,0.0,67645400.00000001,367300.00000001385,-12346599.999999998,-55666100.00000001,000977
20210618,,0.0,-34703700.0,0.0,38396299.99999997,-85689100.0,26875400.000000007,20417500.0,000977
20210621,,0.0,-65818200.0,0.0,-15804000.000000015,-14336599.999999998,-20665400.000000007,50806100.00000001,000977
20210622,,0.0,-145510300.0,0.0,-40912099.99999999,-44238099.99999999,9737200.000000011,75412999.99999997,000977
20210623,,0.0,75836600.0,0.0,-24294499.99999997,22677500.000000007,1212100.0000000277,404899.9999999796,000977
20210624,,0.0,-237631600.0,0.0,-97450500.00000001,-111170100.0,46716999.99999997,161903600.0,000977
20210625,,0.0,-11432600.0,0.0,24580400.000000007,-31301300.0,-15115699.999999996,21836499.999999996,000977
20210628,,0.0,-64645600.00000001,0.0,-43676800.0,-44449100.00000001,38671599.99999998,49454399.999999985,000977
20210629,,0.0,-146164500.0,0.0,-63523600.00000001,-78853799.99999999,44803200.0,97574100.0,000977
20210630,,0.0,-25415800.0,0.0,-11911700.0,-19310900.000000007,5621499.999999996,25601100.000000007,000977
20210701,,0.0,-277945600.0,0.0,-128449599.99999999,-192344100.00000003,37049700.000000015,283744200.0,000977
20210702,,0.0,-65415100.0,0.0,-57559100.0,-1403800.0000000012,13450099.999999983,45512800.00000001,000977
20210705,,0.0,-57270200.00000001,0.0,-32550100.000000004,8057600.0,9441899.999999987,15050599.999999994,000977
20210706,,0.0,2593600.0,0.0,-67154299.99999999,-13735400.0,29023999.999999978,51865700.0,000977
20210707,,0.0,-39418200.0,0.0,-41441700.0,-28471100.0,15429799.999999996,54482899.99999999,000977
20210708,,0.0,182942200.0,0.0,13037000.000000007,93133300.0,-28916399.999999993,-77253900.0,000977
20210709,,0.0,-236365400.0,0.0,-62736800.0,-58643400.0,11895999.999999985,109484100.0,000977
20210712,,0.0,121003400.0,0.0,72720400.00000001,26691599.99999998,4596299.999999974,-104008200.0,000977
20210713,,0.0,-41489600.0,0.0,-3625299.9999999884,-66688899.99999999,32539299.999999966,37775000.0,000977
20210714,,0.0,-21189500.0,0.0,-12548699.99999999,-8711000.000000004,-19454500.000000007,40714100.0,000977
20210715,,0.0,-95991600.0,0.0,-354351400.0,1701288500.0,-727452399.9999999,-619484800.0000001,000977
20210716,,0.0,217848100.0,0.0,177635300.0,-645953699.9999998,202648600.0,265669700.0,000977
20210719,,0.0,196985800.00000003,0.0,59780200.00000004,60398600.00000001,-45366900.00000002,-74811800.0,000977
20210720,,0.0,-160061500.0,0.0,26068799.999999974,-147532500.00000003,16267699.999999968,105196100.0,000977
20210721,,0.0,-210744300.0,0.0,4650199.999999968,-158781200.0,53787700.00000004,100343200.00000003,000977
20210722,,0.0,-109439599.99999999,0.0,-112300700.0,-253524899.99999997,90306899.99999996,275518800.0,000977
20210723,,0.0,-165740500.0,0.0,2764700.0000000116,-55220200.00000001,12284200.000000056,40171100.000000045,000977
20210726,,0.0,-188244300.0,0.0,-80293999.99999994,-227332399.99999997,85490900.00000004,222135500.00000003,000977
20210727,,0.0,74865800.0,0.0,33463499.999999985,28394699.999999974,20752399.99999998,-82610600.00000004,000977
20210728,,0.0,-109759599.99999999,0.0,-39648500.00000006,-52858799.99999999,40320299.999999985,52187099.99999999,000977
20210729,,0.0,23934100.0,0.0,57962800.00000006,54617700.00000001,-52327300.00000003,-60253300.000000015,000977
20210730,,0.0,32712100.0,0.0,63600299.999999985,10413199.999999996,-26574899.99999998,-47438700.00000003,000977
20210802,,0.0,308057200.0,0.0,183230100.0000001,183660900.00000003,-89337300.00000003,-277553700.0,000977
20210803,,0.0,-191212000.0,0.0,41603099.99999998,-221661900.00000003,44059100.00000004,135999899.99999997,000977
20210804,,0.0,-70116200.0,0.0,-43774199.999999985,-130715200.00000003,92475399.99999994,82014099.99999996,000977
20210805,,0.0,-58376600.0,0.0,-11317200.000000011,-49541199.99999999,2703300.0000000177,58155099.999999985,000977
20210806,,0.0,551400200.0,0.0,173708300.00000003,471352799.99999994,-212768800.00000006,-432292399.9999999,000977
20210809,,0.0,278373400.0,0.0,248767599.99999994,-32170299.99999999,-108534799.99999996,-108062299.99999996,000977
20210810,,0.0,-176744800.0,0.0,58894500.000000045,68555299.99999999,-102420800.00000001,-25028899.999999993,000977
20210811,,0.0,-441479300.0,0.0,-114049800.00000003,-207024400.0,40826500.000000015,280247800.0,000977
20210812,,0.0,-224463200.0,0.0,-56162200.000000015,-142807000.0,-14308799.999999974,213278099.99999997,000977
20210813,,0.0,-171377500.0,0.0,-95294900.00000001,-277399.9999999978,-12585299.999999989,108157500.0,000977
20210816,,0.0,-118173700.00000001,0.0,-75112000.00000004,51529800.000000015,-30043499.999999985,53625599.99999998,000977
20210817,,0.0,-347145700.0,0.0,-100844700.00000001,-194585599.99999997,26919399.99999995,268510700.0,000977
20210818,,0.0,-8012600.0,0.0,-21783499.999999985,-62728500.0,-6955099.999999984,91467200.00000001,000977
20210819,,0.0,-58825400.0,0.0,-45164599.99999999,-3719799.999999996,32602999.999999993,16281399.999999994,000977
20210820,,0.0,42534200.0,0.0,-6745100.0000000205,27375999.999999985,2045900.0000000014,-22676800.000000004,000977
20210823,,0.0,-14664400.0,0.0,-38557399.99999998,-47565800.0,-28727599.999999948,114850699.99999996,000977
20210824,,0.0,-226804400.0,0.0,-53001199.99999999,-158872300.0,28056399.99999996,183816999.99999997,000977
20210825,,0.0,-24877700.0,0.0,-17937700.000000004,-4890499.999999993,-8110999.999999985,30939000.000000015,000977
20210826,,0.0,-317141300.0,0.0,-101391700.00000001,-280701900.0,90240199.99999997,291853400.0,000977
20210827,,0.0,149547600.0,0.0,30395399.999999974,147354800.0,-95599899.99999999,-82150299.99999999,000977
20210830,,0.0,-160876900.0,0.0,18719399.99999995,-238052199.99999997,123694400.00000003,95638399.99999997,000977
20210831,,0.0,-137447000.0,0.0,-63941100.000000045,-104726900.00000003,23976299.999999974,144691699.99999997,000977
20210901,,0.0,-12717400.0,0.0,56911699.999999985,7063400.000000002,-48484500.00000001,-15490600.000000013,000977
20210902,,0.0,-177582800.0,0.0,-20859599.999999993,-84069499.99999999,4792100.000000028,100137200.00000001,000977
20210903,,0.0,-67647500.0,0.0,-31530499.999999993,-26667000.0,13541000.000000022,44656500.000000015,000977
20210906,,0.0,29699500.0,0.0,-5778899.999999994,34729800.00000001,-31748800.00000001,2797799.9999999884,000977
20210907,,0.0,64673200.0,0.0,44406600.0,-20393500.000000004,-6797700.000000005,-17215400.000000007,000977
20210908,,0.0,113943000.0,0.0,1517099.9999999912,53457700.00000001,-1595800.0000000175,-53379099.99999996,000977
20210909,,0.0,-9956200.0,0.0,-41595700.0,-14923899.999999994,-4464799.999999995,60984400.00000002,000977
20210910,,0.0,429900.0,0.0,40773999.99999998,-45893000.00000001,-4978399.999999965,10097400.000000017,000977
20210913,,0.0,-264997400.00000003,0.0,-95373899.99999996,-90838600.0,34734399.999999985,151478200.0,000977
20210914,,0.0,-75916600.0,0.0,-36573800.00000001,-23236899.999999996,3970499.9999999925,55840100.00000002,000977
20210915,,0.0,-61455900.0,0.0,-45480299.999999985,-1808199.9999999972,13597099.99999999,33691300.00000001,000977
20210916,,0.0,-87412800.0,0.0,-52452100.00000001,-34061399.99999999,-11032800.000000024,97546299.99999999,000977
20210917,,0.0,-31703600.0,0.0,-11988999.999999996,-45006300.00000001,-5072400.000000016,62067700.00000002,000977
20210922,,0.0,-90312500.0,0.0,-23510900.00000001,-38938600.00000001,5550699.999999997,56898800.0,000977
20210923,,0.0,43904600.0,0.0,42046600.0,33754800.0,-14106000.000000022,-61695300.00000001,000977
20210924,,0.0,48320300.0,0.0,-33650099.999999985,16272799.999999998,28713999.999999978,-11336800.000000004,000977
20210927,,0.0,-59950400.0,0.0,-6350600.000000013,-7579799.999999995,5861199.99999999,8069500.000000007,000977
20210928,,0.0,60243400.0,0.0,21943799.999999993,-11035900.000000002,-13547999.999999993,2640000.0,000977
20210929,,0.0,-191966300.0,0.0,-89051400.0,-79846299.99999999,11318400.000000002,157579199.99999997,000977
20210930,,0.0,-13050300.0,0.0,-28804899.999999996,-24948000.0,17639499.99999999,36113600.00000001,000977
20211008,,0.0,42957800.0,0.0,3023500.0000000037,27212699.999999996,-17135200.000000004,-13100900.000000002,000977
20211011,,0.0,48196400.0,0.0,-10742599.999999983,11270099.999999998,-15239100.000000017,14711599.999999998,000977
20211012,,0.0,-109623600.0,0.0,-28573799.999999993,-53771900.00000001,12477999.999999993,69867600.0,000977
20211013,,0.0,34173400.0,0.0,11161700.00000001,-19395900.0,-4756399.999999994,12990699.999999996,000977
20211014,,0.0,-41496300.0,0.0,-30198700.0,-23821700.0,14602399.999999998,39418100.00000001,000977
20211015,,0.0,235884400.0,0.0,-12466800.000000004,140084000.0,-120086100.0,-7531199.999999953,000977
20211018,,0.0,46304000.0,0.0,-9994599.99999999,-26741899.999999996,-47265400.00000001,84001900.00000003,000977
20211019,,0.0,596200.0,0.0,18387299.999999996,-33388200.000000007,-3514799.999999996,18515699.999999996,000977
20211020,,0.0,-114697200.0,0.0,-2866100.0000000056,8358699.999999999,-58234100.0,52741600.0,000977
20211021,,0.0,-34941400.0,0.0,-11835900.000000002,39572800.0,-25957099.999999993,-1779899.999999998,000977
20211022,,0.0,98982900.00000001,0.0,68290099.99999999,32684200.0,-26183800.00000001,-74790399.99999997,000977
20211025,,0.0,4050700.0,0.0,8678600.000000006,-4502099.999999992,-8169500.000000007,3993100.000000013,000977
20211026,,0.0,86308100.0,0.0,10828699.99999999,102217799.99999999,-56638000.00000003,-56408400.0,000977
20211027,,0.0,-209720800.00000003,0.0,-50479700.000000015,-138867800.0,59237599.999999985,130109800.0,000977
20211028,,0.0,102466400.0,0.0,124520000.0,-9908599.999999987,-38244799.99999996,-76366600.00000003,000977
20211029,,0.0,58439900.0,0.0,36334000.000000015,-11686900.000000006,-7250800.000000018,-17396299.999999974,000977
20211101,,0.0,-119918000.0,0.0,-32561399.999999993,-42979700.000000015,-14007600.00000002,89548699.99999999,000977
20211102,,0.0,-161298800.0,0.0,-28206499.999999978,-102643100.0,32700900.0,98148600.0,000977
20211103,,0.0,140387300.0,0.0,-1945500.000000029,79049800.00000001,-19386099.999999933,-57718200.00000003,000977
20211104,,0.0,-74156700.0,0.0,18627699.999999966,8688500.000000004,25555900.0,-52872000.00000001,000977
20211105,,0.0,149968200.0,0.0,106990600.00000004,137381200.00000003,-83228000.00000003,-161143799.99999997,000977
20211108,,0.0,-42738600.0,0.0,-15312799.999999989,30435400.000000007,19317400.000000052,-34440000.0,000977
20211109,,0.0,-18278900.0,0.0,-14932800.000000024,-44309399.99999999,24364399.999999985,34877899.99999997,000977
20211110,,0.0,-122148700.00000001,0.0,-44990199.99999997,-135363900.0,52604899.99999998,127749300.0,000977
20211111,,0.0,-30104200.0,0.0,9299199.999999983,-27087700.000000004,11853400.000000002,5935100.0000000205,000977
20211112,,0.0,56812800.0,0.0,-15188300.000000017,2655699.999999997,-16920900.0,29453600.000000007,000977
20211115,,0.0,-206693200.0,0.0,-8694099.999999998,-131452499.99999999,-13705200.000000041,153851899.99999994,000977
20211116,,0.0,546683200.0,0.0,10329499.99999997,194490199.99999997,-7446600.000000035,-197373100.00000006,000977
20211117,,0.0,-182070400.0,0.0,14787799.999999989,-78121500.00000001,26598799.999999974,36734799.99999999,000977
20211118,,0.0,-162359800.0,0.0,-32021000.000000022,-24304899.999999996,52118099.99999998,4207900.000000008,000977
20211119,,0.0,-6184900.0,0.0,48702099.99999999,-14056900.000000006,-7947700.000000005,-26697599.999999985,000977
20211122,,0.0,101943900.0,0.0,128634900.00000006,10718200.000000015,-28890999.999999985,-110462100.00000003,000977
20211123,,0.0,236672800.0,0.0,-47759799.99999999,19206399.999999993,-2128400.0000000377,30681900.000000022,000977
20211124,,0.0,805050700.0000001,0.0,87568200.0,216455300.0,-99938900.00000006,-204084500.00000003,000977
20211125,,0.0,-177574400.0,0.0,-38187500.0,-111884699.99999997,49872600.00000002,100199599.99999999,000977
20211126,,0.0,-87399200.0,0.0,-89766800.0,-118451199.99999999,91979299.99999997,116238800.00000004,000977
20211129,,0.0,-146626600.0,0.0,26492999.999999993,-27797600.000000004,-4187200.0000000116,5491700.000000019,000977
20211130,,0.0,-64018200.0,0.0,17260800.00000002,-61553500.0,-101400.00000003056,44394100.0,000977
20211201,,0.0,104985400.00000001,0.0,110088699.99999996,-12325800.0,-2033300.0000000175,-95729500.00000004,000977
20211202,,0.0,-106865900.0,0.0,-10902900.00000001,-25351000.000000004,48322700.00000001,-12068800.00000001,000977
20211203,,0.0,-96006800.0,0.0,-46018700.00000003,-21958400.0,28802799.99999999,39174300.0,000977
20211206,,0.0,-130104599.99999999,0.0,-81958799.99999997,-44285700.0,9523999.999999978,116720400.00000001,000977
20211207,,0.0,-121785200.0,0.0,-88343499.99999999,-93527600.0,1678400.0000000014,180192700.0,000977
20211208,,0.0,423547900.0,0.0,139750600.00000006,37342200.000000015,2758300.0000000177,-179851000.0,000977
20211209,,0.0,380012300.00000006,0.0,21563300.00000002,-49606200.00000003,-21479499.99999997,49522400.00000005,000977
20211210,,0.0,-200337500.0,0.0,68431299.99999997,2487899.9999999907,-88329900.00000001,17410699.999999996,000977
20211213,,0.0,8000900.0,0.0,63601199.99999999,53746300.00000001,5600699.999999997,-122948299.99999999,000977
20211214,,0.0,-20652399.999999996,0.0,38864300.0,17558900.000000004,3307099.999999991,-59730200.00000001,000977
20211215,,0.0,102051400.0,0.0,47936999.99999997,-19477899.99999999,44539600.00000007,-72998800.00000004,000977
20211216,,0.0,32291800.0,0.0,-49405400.00000001,-9315300.000000007,-13790600.000000013,72511300.00000001,000977
20211217,,0.0,-118345500.0,0.0,-23409700.00000001,-67456500.0,27009800.000000034,63856399.99999999,000977
20211220,,0.0,-96247200.0,0.0,-42471199.99999999,-38090900.0,32319299.999999966,48242699.99999997,000977
20211221,,0.0,-2464900.0,0.0,-2025600.000000013,-38322300.0,18200600.000000015,22147399.99999998,000977
20211222,,0.0,-73465700.0,0.0,4816400.000000031,1124399.999999987,-6772500.0,831599.9999999986,000977
20211223,,0.0,10575300.0,0.0,42503100.000000015,-25086900.000000004,101920000.00000003,-119336199.99999999,000977
20211224,,0.0,155492900.0,0.0,184921000.0,21366100.000000007,-40474899.99999998,-165811999.99999997,000977
20211227,,0.0,137943200.0,0.0,4379700.000000011,1931700.0000000007,3854899.9999999795,-10166300.00000001,000977
20211228,,0.0,7595700.000000001,0.0,-40021300.00000001,7327399.999999998,-21961400.00000003,54655400.00000001,000977
20211229,,0.0,-42599500.0,0.0,-53126700.00000002,-93532200.00000001,44970000.0,101688899.99999996,000977
20211230,,0.0,54832400.0,0.0,-321000.0000000036,-419400.0000000051,5463899.999999994,-4723500.000000021,000977
20211231,,0.0,29917700.0,0.0,28751399.999999993,21303600.000000007,-18111199.99999999,-31943600.000000007,000977
20220104,,0.0,-62911300.0,0.0,194099.99999999854,-8818000.000000011,52166899.999999985,-43543100.000000015,000977
20220105,,0.0,167493800.0,0.0,69457899.99999994,-14366900.000000006,39195400.00000001,-94286300.00000004,000977
20220106,,0.0,-9485900.0,0.0,-47193699.99999999,-69392400.0,67901099.99999997,48685000.0,000977
20220107,,0.0,-321488800.0,0.0,-2243199.999999997,-166176299.99999997,49518100.00000005,118901400.0,000977
20220110,,0.0,-20367200.0,0.0,-42910400.00000001,-24644400.000000004,-8496800.000000004,76051599.99999996,000977
20220111,,0.0,-107879700.0,0.0,15794000.000000015,-51324900.0,3003699.9999999898,32527300.000000034,000977
20220112,,0.0,22063800.0,0.0,-56056399.99999999,4748499.999999999,8625499.999999993,42682299.99999999,000977
20220113,,0.0,-154377300.0,0.0,-46731600.0,-42612000.00000001,13801500.000000015,75542099.99999999,000977
20220114,,0.0,-17075900.0,0.0,-7293400.000000002,-3443900.0000000033,-22329799.999999996,33067099.999999993,000977
20220117,,0.0,440219800.00000006,0.0,102327799.99999999,1140499.9999999928,-1510899.999999965,-101957500.0,000977
20220118,,0.0,452874000.0,0.0,34912400.00000005,-70468300.00000001,5954900.000000052,29600999.999999914,000977
20220119,,0.0,-10347400.0,0.0,60340600.000000015,-13695900.000000002,-7483099.999999977,-39161800.0,000977
20220120,,0.0,87213200.0,0.0,-20376199.99999999,7861900.000000005,97519300.0,-85004899.99999999,000977
20220121,,0.0,32392000.0,0.0,-13420300.000000024,-30530899.999999993,-6101100.000000006,50052299.99999999,000977
20220124,,0.0,27818600.0,0.0,-27118699.99999999,54761199.99999999,18566999.99999997,-46209500.00000001,000977
20220125,,0.0,-88888400.0,0.0,-73160400.00000001,-99803900.0,90251000.00000001,82713300.00000001,000977
20220126,,0.0,-15694800.0,0.0,-1937700.0000000044,-67526600.0,48447700.00000001,21016500.000000015,000977
20220127,,0.0,-139982500.0,0.0,20199700.00000001,23350799.99999999,-31592300.000000034,-11958199.999999996,000977
20220128,,0.0,-55728600.0,0.0,19913000.00000001,-9295800.0,70718199.99999996,-81335399.99999997,000977
20220207,,0.0,-410188700.0,0.0,-119482600.00000001,-117843000.0,55463099.99999998,181862500.0,000977
20220208,,0.0,67207600.0,0.0,14161800.000000004,-5290599.999999995,40495500.00000003,-49366600.00000004,000977
20220209,,0.0,59604399.99999999,0.0,-2187700.000000004,-7382500.0,9036399.999999994,533700.0000000262,000977
20220210,,0.0,-37683900.0,0.0,6354799.999999995,-12824699.999999998,-11872400.000000017,18342399.99999998,000977
20220211,,0.0,-93774800.0,0.0,819200.0000000007,-38545900.0,-27353899.999999993,65080499.99999999,000977
20220214,,0.0,-43975600.00000001,0.0,-14760399.99999999,-55360400.00000001,43848899.99999999,26271899.999999985,000977
20220215,,0.0,-14775700.0,0.0,66587100.0,10679900.0,-41746700.00000002,-35520399.99999999,000977
20220216,,0.0,74835500.0,0.0,42774699.99999998,42172700.00000001,3710800.0000000177,-88658300.00000001,000977
20220217,,0.0,-91967900.00000001,0.0,23313000.00000001,-3043800.000000001,-31714900.000000015,11445600.000000013,000977
20220218,,0.0,115498600.0,0.0,-6176299.999999974,36117000.00000001,-2201900.0000000233,-27738999.99999994,000977
20220221,,0.0,184047599.99999997,0.0,49243099.99999998,14880499.999999957,16158599.99999986,-80282299.99999996,000977
20220222,,0.0,42588000.0,0.0,-51770999.999999985,-102899499.99999997,64238400.00000011,90432000.00000004,000977
20220223,,0.0,-175367500.0,0.0,-4943199.999999997,22077700.000000004,-14333099.999999978,-2801300.0000000466,000977
20220224,,0.0,-78506600.0,0.0,-140992899.99999997,-70656800.0,-28460100.00000002,240109700.0,000977
20220225,,0.0,-96096299.99999999,0.0,-56380500.00000003,-175664199.99999997,67832099.99999996,164212700.0,000977
20220228,,0.0,-180133900.0,0.0,-31744799.999999996,-173408300.00000003,33068899.999999993,172084200.00000003,000977
20220301,,0.0,-130741200.00000001,0.0,-30243100.000000015,7420300.0000000065,-7392399.9999999795,30215200.000000004,000977
20220302,,0.0,-112233000.0,0.0,-15544200.000000019,-59539600.00000001,5530299.999999989,69553499.99999999,000977
20220303,,0.0,-120065200.0,0.0,17850000.0,-64318699.99999999,60465399.99999997,-13996599.999999998,000977
20220304,,0.0,-93775700.0,0.0,3478100.000000013,-44975400.0,7599200.000000019,33898100.000000015,000977
20220307,,0.0,-215949700.0,0.0,-94307500.0,-122124100.0,-7312299.999999959,223743900.0,000977
20220308,,0.0,-56399500.0,0.0,25350200.000000004,-6412000.000000007,-1150499.9999999928,-17787700.000000004,000977
20220309,,0.0,-105364100.0,0.0,-86936899.99999996,-29516000.000000004,53134499.99999997,63318399.99999996,000977
20220310,,0.0,-62151400.0,0.0,21467299.999999996,-26559999.999999993,-6296300.00000001,11388999.999999978,000977
20220311,,0.0,105161299.99999999,0.0,9020999.999999985,78425599.99999997,-54530999.999999985,-32915499.999999993,000977
20220314,,0.0,-91152500.0,0.0,-20369700.00000001,-35015300.0,-8134500.000000007,63519400.00000001,000977
20220315,,0.0,-60992100.0,0.0,-53906100.00000001,-121422099.99999999,75062700.0,100265500.0,000977
20220316,,0.0,52879399.99999999,0.0,17260000.0,-3890599.999999995,-21212400.000000015,7843000.000000029,000977
20220317,,0.0,-49208800.0,0.0,-838699.9999999898,41131499.99999998,-41260700.0,967999.9999999928,000977
20220318,,0.0,-32206300.0,0.0,39802099.99999999,-37726899.999999985,-2619699.9999999753,544500.0000000072,000977
20220321,,0.0,-206550700.0,0.0,-66689399.999999985,-70850800.00000001,9987399.99999998,127552800.0,000977
20220322,,0.0,-40969399.99999999,0.0,4750799.999999999,-32690800.0,-13644400.000000022,41584300.0,000977
20220323,,0.0,113877099.99999999,0.0,31528000.00000001,1216000.0000000037,3012600.0000000205,-35756699.999999985,000977
20220324,,0.0,-155738600.0,0.0,-18345699.999999996,-9730600.000000004,-1581200.000000026,29657500.0,000977
20220325,,0.0,-74668600.0,0.0,-19775100.000000004,-16930099.999999996,-3621499.9999999963,40326600.000000015,000977
20220328,,0.0,5375800.0,0.0,3804000.0000000144,-18907500.000000004,2844500.0000000075,12259000.000000015,000977
20220329,,0.0,-86840400.00000001,0.0,-41527300.00000001,-20792800.000000004,6885699.999999997,55434399.999999985,000977
20220330,,0.0,42153400.0,0.0,-11563600.000000006,-23085400.0,9371100.000000006,25277900.000000007,000977
20220331,,0.0,-98727300.0,0.0,-32275800.0,-11471600.000000007,-27811700.00000002,71559099.99999999,000977
20220401,,0.0,3176800.0,0.0,-48152700.00000001,-15422500.0,18295600.000000015,45279599.99999999,000977
20220406,,0.0,-30270500.0,0.0,-2499899.9999999977,-20322000.0,-3425000.0,26246800.000000004,000977
20220407,,0.0,-36307100.0,0.0,-555000.0,-16404700.000000002,-11237500.0,28197299.999999996,000977
20220408,,0.0,-118348799.99999999,0.0,-21983600.000000007,-56379800.00000001,-23365200.000000004,101728600.0,000977
20220411,,0.0,-78233600.0,0.0,-26245100.000000004,-18890400.0,363700.00000000803,44771800.0,000977
20220412,,0.0,266332800.0,0.0,89719100.0,81824200.00000001,-21095799.99999998,-150447600.00000003,000977
20220413,,0.0,-91857800.0,0.0,-19100600.000000015,18638999.999999996,-11915900.000000002,12377500.0,000977
20220414,,0.0,-68152600.0,0.0,28005800.0,1180399.9999999995,8377399.999999998,-37563600.00000001,000977
20220415,,0.0,30590200.0,0.0,475100.0000000022,11512599.999999998,-16305200.000000004,4317399.999999998,000977
20220418,,0.0,18981300.0,0.0,8343099.999999995,16616900.0,-9258499.999999985,-15701500.000000015,000977
20220419,,0.0,-105042000.0,0.0,-22496900.000000004,-13716199.999999998,1307600.000000002,34905499.99999999,000977
20220420,,0.0,-34688900.0,0.0,3176399.9999999944,-16505000.0,-20074899.999999996,33403500.000000004,000977
20220421,,0.0,3413000.0,0.0,22835499.999999993,-36793300.00000001,5385199.999999986,8572700.000000004,000977
20220422,,0.0,-14983599.999999998,0.0,-1390100.000000002,16518200.0,-12215000.0,-2913199.999999997,000977
20220425,,0.0,-58919200.0,0.0,14725499.999999993,-13223099.999999994,-35751900.00000001,34249599.99999999,000977
20220426,,0.0,-22920000.0,0.0,-76594100.0,-116565100.00000001,39184399.999999985,153974900.00000003,000977
20220427,,0.0,70776800.0,0.0,7577000.000000007,1555500.0000000019,-46891499.99999998,37758999.99999998,000977
20220428,,0.0,-140673800.0,0.0,-122174599.99999999,-20232299.999999996,17102900.000000007,125304000.0,000977
20220429,,0.0,148028100.0,0.0,36499100.0,21548200.000000007,-70497899.99999997,12450599.999999978,000977
20220505,,0.0,61939600.0,0.0,-26358300.0,-2650800.0000000037,787799.9999999884,28221500.000000015,000977
20220506,,0.0,26570800.0,0.0,38613300.000000015,37882900.0,-28669899.99999998,-47826200.00000003,000977
20220509,,0.0,-60945300.0,0.0,-30175099.999999985,-52219200.0,31603199.999999996,50791100.00000001,000977
20220510,,0.0,96100.0,0.0,-6340799.999999999,-10964200.0,-16206100.000000006,33510999.999999985,000977
20220511,,0.0,34700400.0,0.0,87199.99999999345,-8382299.999999995,-8173199.999999997,16468300.000000017,000977
20220512,,0.0,-39036600.0,0.0,-39510400.0,-11332199.999999998,9824899.999999998,41017700.00000001,000977
20220513,,0.0,-34289000.0,0.0,-9819400.000000006,-37991100.0,11036899.999999987,36773699.99999999,000977
20220516,,0.0,-26389600.0,0.0,-19679099.99999999,-21033900.0,6388400.000000002,34324700.000000015,000977
20220517,,0.0,-15641900.0,0.0,-4396100.000000006,1334500.0000000005,-8481800.000000004,11543300.0,000977
20220518,,0.0,-77121400.0,0.0,-730799.9999999993,-8907799.999999998,-6445299.999999989,16083999.999999978,000977
20220519,,0.0,-19286400.0,0.0,-7363000.000000002,-2907500.0,-5729499.999999989,16000000.0,000977
20220520,,0.0,17908800.0,0.0,2739300.000000003,4116799.999999998,-48418400.00000002,41562400.0,000977
20220523,,0.0,-33034600.0,0.0,-2294600.0000000093,-14233100.0,14617600.000000002,1910100.000000002,000977
20220524,,0.0,-215211100.0,0.0,-47946399.99999999,-27079399.999999996,-39371500.000000015,114397200.00000001,000977
20220525,,0.0,60247700.00000001,0.0,-8622900.0,-14160600.0,3605600.000000013,19178000.00000001,000977
20220526,,0.0,28559600.0,0.0,-5866300.000000001,-4540099.999999997,-8656299.999999993,19062700.000000004,000977
20220527,,0.0,21792800.000000004,0.0,5002199.9999999935,-23115300.000000004,-14893099.999999994,33006200.000000007,000977
20220530,,0.0,-64445900.0,0.0,-12107799.999999998,-7554599.999999999,-8593199.999999996,28255599.999999996,000977
20220531,,0.0,16304300.0,0.0,-39308399.999999985,27070099.999999996,-14385400.00000001,26623700.000000026,000977
20220601,,0.0,-7302900.0,0.0,-78924800.0,3652000.0000000075,-1243500.000000022,76516300.00000001,000977
20220602,,0.0,-12473000.0,0.0,-58673200.0,-23549700.000000004,15194599.99999999,67028200.000000015,000977
20220606,,0.0,75039400.0,0.0,-50914300.0,48544500.0,-2576299.999999974,4945999.999999985,000977
20220607,,0.0,-23427700.0,0.0,-44782999.99999999,-14105100.000000002,-2331700.000000019,61219899.99999998,000977
20220608,,0.0,54365600.00000001,0.0,46192699.99999997,59478899.99999999,285499.99999995634,-105957099.99999999,000977
20220609,,0.0,-211733000.0,0.0,-15614699.999999976,-54376500.0,-18190400.000000007,88181600.0,000977
20220610,,0.0,-6891100.0,0.0,59050200.00000001,8046899.999999996,-35397899.99999999,-31699199.99999998,000977
20220613,,0.0,-108116500.0,0.0,-22156000.000000022,-27732099.999999996,-4034899.9999999795,53922999.99999999,000977
20220614,,0.0,-237811800.0,0.0,33559399.999999985,-77394800.0,-27812699.999999966,71648000.00000003,000977
20220615,,0.0,315422700.0,0.0,38681500.000000015,48732800.00000001,-106436599.99999996,19022399.99999998,000977
20220616,,0.0,-68583900.0,0.0,101423400.00000004,26810400.0,-97141600.00000003,-31092199.999999974,000977
20220617,,0.0,-281564300.0,0.0,-2877999.9999999925,24794500.000000007,-47261200.00000003,25344700.00000001,000977
20220620,,0.0,-64187500.0,0.0,65798400.0,-63508600.00000001,-3297799.9999999884,1007899.9999999723,000977
20220621,,0.0,-64856500.0,0.0,-45701700.00000002,57003300.0,-3914099.9999999623,-7387500.0,000977
20220622,,0.0,-333426000.0,0.0,-20254800.000000034,-63519400.00000001,1677200.0000000116,82096999.99999997,000977
20220623,,0.0,82705700.0,0.0,13705499.999999993,-17936299.999999993,-14750699.999999996,18981600.0,000977
20220624,,0.0,342954800.00000006,0.0,-9524799.999999959,138457800.0,-124006400.0,-4926599.999999962,000977
20220627,,0.0,-201178400.0,0.0,-44226399.99999999,-63033599.999999985,60643200.0,46616900.00000002,000977
20220628,,0.0,53582000.0,0.0,-28213199.999999996,57887900.00000001,220999.99999998545,-29895700.000000034,000977
20220629,,0.0,-224298500.0,0.0,15805199.999999968,-71117700.00000003,27430000.0,27882500.0,000977
20220630,,0.0,198962400.00000003,0.0,-11661699.999999983,59225700.0,42960700.0,-90524800.0,000977
20220701,,0.0,-92264300.0,0.0,-19825699.999999996,-60275800.0,10265699.999999996,69835799.99999999,000977
20220704,,0.0,-67460800.0,0.0,-18354300.000000004,-42813300.0,13773400.000000002,47394199.999999985,000977
20220705,,0.0,-250698100.0,0.0,-51989899.99999998,-38023400.0,-3141999.999999971,93155400.00000001,000977
20220706,,0.0,-98937700.0,0.0,-3675300.0000000065,-37973600.0,12774900.000000017,28873999.999999978,000977
20220707,,0.0,-26799200.0,0.0,4089800.000000014,-21080500.0,3349600.0000000093,13641000.000000004,000977
20220708,,0.0,-10586500.0,0.0,-1009299.9999999847,-18342199.999999996,10225200.000000004,9126300.00000001,000977
20220711,,0.0,-103194500.0,0.0,-50215900.0,-47694000.0,10609700.000000011,87300199.99999999,000977
20220712,,0.0,-112359400.0,0.0,-41188400.0,-35006100.0,5116200.000000008,71078299.99999999,000977
20220713,,0.0,-20128000.0,0.0,-2429899.9999999977,-20476800.0,12090400.00000001,10816199.99999999,000977
20220714,,0.0,-57710000.0,0.0,-1481399.9999999942,-7306199.999999999,-8740200.000000004,17527800.000000007,000977
20220715,,0.0,-110679000.0,0.0,-23959199.99999998,-45704100.0,7847099.999999992,61816200.00000001,000977
20220718,,0.0,50442200.0,0.0,4666099.999999988,12254099.999999998,-12383400.000000002,-4536700.000000001,000977
20220719,,0.0,85708200.0,0.0,8067399.999999998,278499.99999999907,7597400.000000016,-15943400.000000002,000977
20220720,,0.0,-52893900.0,0.0,-24927800.000000007,-7907399.999999998,-4136800.000000003,36972000.00000001,000977
20220721,,0.0,-47774600.0,0.0,-22672199.999999993,-25487900.000000004,27645900.0,20514200.0,000977
20220722,,0.0,-104014900.0,0.0,-29692600.000000004,-44931300.0,6826599.999999998,67797300.0,000977
20220725,,0.0,-38567900.0,0.0,-19638200.000000007,-23099900.000000004,-3134499.9999999893,45872599.99999999,000977
20220726,,0.0,84488400.0,0.0,38737600.0,23546700.0,-14695699.999999996,-47588599.999999985,000977
20220727,,0.0,-35307600.0,0.0,-16971699.999999993,-3612799.9999999977,4029899.9999999977,16554600.00000001,000977
20220728,,0.0,53283300.0,0.0,34915499.99999999,23794799.999999996,-14716399.999999994,-43993900.000000015,000977
20220729,,0.0,-140755500.0,0.0,-113921500.00000001,-41348700.0,36483899.99999999,118786300.00000001,000977
20220801,,0.0,-29290500.0,0.0,-14245800.0,1770399.9999999995,4803099.999999995,7672299.999999995,000977
20220802,,0.0,-191606000.0,0.0,-79047700.0,-33758200.0,-15033400.000000002,127839200.00000001,000977
20220803,,0.0,13107300.0,0.0,37602100.00000001,-1924000.000000001,-13962000.000000007,-21716199.99999999,000977
20220804,,0.0,7885900.0,0.0,-5688199.999999997,-10831800.0,10204700.000000011,6315300.0000000065,000977
20220805,,0.0,374639100.00000006,0.0,117462399.99999999,22201600.0,-28998300.00000002,-110665800.00000001,000977
20220808,,0.0,27823800.0,0.0,-818199.9999999971,-37110400.0,-21479800.000000034,59408300.000000015,000977
20220809,,0.0,-81123000.0,0.0,-47769900.0,-39497200.0,-13010999.999999985,100278200.00000001,000977
20220810,,0.0,-7645800.0,0.0,-37581200.00000001,-4117899.9999999995,8428200.000000015,33270800.0,000977
20220811,,0.0,11090600.0,0.0,7429000.000000015,29453000.0,-47581199.99999999,10699299.999999985,000977
20220812,,0.0,-56850300.0,0.0,-46711799.999999985,-26561800.0,-12185200.000000022,85458699.99999999,000977
20220815,,0.0,-77679700.0,0.0,-24196800.000000004,-22234899.999999996,-8526100.000000006,54957700.00000002,000977
20220816,,0.0,-133837200.0,0.0,-29097600.000000004,4505999.999999999,-21175799.99999998,45767199.99999999,000977
20220817,,0.0,19654900.0,0.0,19416000.000000004,-1321799.9999999984,15369700.000000011,-33463799.999999993,000977
20220818,,0.0,-83497600.0,0.0,-5278099.999999995,-37602000.0,20359600.00000001,22520699.999999996,000977
20220819,,0.0,-134633000.0,0.0,-10720699.999999996,-37707000.0,11932000.000000007,36495700.000000015,000977
20220822,,0.0,-59969700.0,0.0,25447099.999999993,-8023200.000000001,-318299.9999999993,-17105699.999999996,000977
20220823,,0.0,-98936700.0,0.0,14787099.99999999,33522600.000000004,1602999.9999999928,-49912700.00000001,000977
20220824,,0.0,-129276200.00000001,0.0,-22556400.00000001,-52022000.00000001,4139699.9999999753,70438700.00000001,000977
20220825,,0.0,-50948900.0,0.0,6149700.000000003,-28101300.0,-4495500.000000011,26447000.000000007,000977
20220826,,0.0,-24128900.0,0.0,59200.00000000073,-4095399.9999999995,7958399.999999983,-3922300.0000000047,000977
20220829,,0.0,-6235300.0,0.0,34311000.0,-2910000.0,-47400500.00000001,15999500.000000007,000977
20220830,,0.0,-38439800.0,0.0,963999.9999999964,-13335600.000000002,14421599.999999998,-2050100.000000002,000977
20220831,,0.0,-22110800.0,0.0,-2774300.000000003,-32886200.0,13101700.0,22558899.999999993,000977
20220901,,0.0,14547600.0,0.0,10258300.0,-15518300.0,8845000.0,-3584899.9999999977,000977
20220902,,0.0,-59380300.0,0.0,-23971099.999999996,-13320200.0,10907299.999999996,26383999.999999996,000977
20220905,,0.0,-65430700.0,0.0,5238900.000000004,-26929100.0,2401399.9999999944,19288800.0,000977
20220906,,0.0,-71729000.0,0.0,-3802500.0,-32231099.999999996,-14783400.000000002,50816899.99999999,000977
20220907,,0.0,-45477500.0,0.0,-21812300.000000004,-1967300.0000000002,-14725100.000000002,38504700.0,000977
20220908,,0.0,-101676100.0,0.0,-19636499.999999996,-50017800.0,-3123800.0000000102,72778200.0,000977
20220909,,0.0,30573000.0,0.0,-19914800.000000004,-1345500.0000000019,-9868300.0,31128600.000000007,000977
20220913,,0.0,7464800.0,0.0,-23129200.0,-3965100.0,205799.99999999927,26888400.00000001,000977
20220914,,0.0,-50889500.0,0.0,-71977900.00000001,-25213499.999999996,34771100.00000001,62420300.00000001,000977
20220915,,0.0,-42261200.0,0.0,-24654400.000000004,-10834400.0,1007800.0000000065,34480900.0,000977
20220916,,0.0,-50345800.0,0.0,2123100.000000013,12321700.0,-11091100.000000006,-3353700.000000008,000977
20220919,,0.0,-64292800.0,0.0,-44877299.99999999,-46162700.00000001,32661900.000000004,58378300.0,000977
20220920,,0.0,-10177600.0,0.0,-15468200.000000006,-15482500.0,9424700.000000002,21526099.999999996,000977
20220921,,0.0,1481200.0,0.0,-22471900.000000004,21253099.999999996,-15118599.999999987,16337500.0,000977
20220922,,0.0,5501700.0,0.0,-1423400.0000000014,-6996599.999999998,-2843599.9999999967,11263600.000000006,000977
20220923,,0.0,-17711000.0,0.0,-12620900.000000002,-32138100.0,6202799.999999997,38556199.99999999,000977
20220926,,0.0,-19104100.0,0.0,-22597700.000000004,-10318400.0,-6608900.000000012,39525100.000000015,000977
20220927,,0.0,37217900.0,0.0,-5286500.000000006,4806800.000000001,-21096600.0,21576300.0,000977
20220928,,0.0,-57266600.0,0.0,-8064600.0,-26677200.000000004,-5287799.999999989,40029500.00000001,000977
20220929,,0.0,-1727800.0,0.0,-30541800.0,-8658700.000000002,16371100.000000006,22829399.999999996,000977
20220930,,0.0,-8504200.0,0.0,-11238300.0,-143400.00000000032,-191700.00000000073,11573499.999999994,000977
20221010,,0.0,-58222400.0,0.0,-36056699.99999999,-36185100.0,8998700.000000007,63243200.0,000977
20221011,,0.0,23699800.0,0.0,-4613600.000000001,-3681899.9999999995,-13224899.999999998,21520400.0,000977
20221012,,0.0,79069800.0,0.0,17474899.99999999,31328700.0,-21405200.000000004,-27398500.000000004,000977
20221013,,0.0,38003000.0,0.0,15692999.999999993,-5761800.000000003,-5641500.000000015,-4289899.999999998,000977
20221014,,0.0,18059000.0,0.0,28529599.999999993,-8522000.000000002,-22150100.00000002,2142500.0,000977
20221017,,0.0,14938900.000000002,0.0,-8479600.00000001,-17692799.999999996,12324899.99999998,13847500.0,000977
20221018,,0.0,-53776400.0,0.0,1915599.9999999949,-9955600.0,19707999.999999993,-11667999.999999993,000977
20221019,,0.0,-29162600.000000004,0.0,-17598900.000000004,-14242500.0,5304500.000000007,26536900.000000004,000977
20221020,,0.0,58196899.99999999,0.0,12119699.999999993,16265400.0,9333600.000000006,-37718699.99999999,000977
20221021,,0.0,-53945200.00000001,0.0,-16120999.999999994,-26837299.999999996,35260400.00000001,7697799.999999989,000977
20221024,,0.0,-54046100.0,0.0,-430799.9999999993,-8032000.000000003,16485900.000000002,-8023099.999999995,000977
20221025,,0.0,-15074800.0,0.0,-15422100.0,1267300.0000000002,-10016599.999999998,24171500.000000004,000977
20221026,,0.0,193762300.0,0.0,35377599.999999985,72011200.0,-38819500.00000001,-68569200.00000001,000977
20221027,,0.0,160038400.0,0.0,-6561399.999999994,3996700.000000001,32681600.000000034,-30116899.999999985,000977
20221028,,0.0,-120795500.0,0.0,-18253899.999999993,-62296200.0,36956499.99999998,43593600.00000001,000977
20221031,,0.0,218839500.0,0.0,97605900.00000004,97097099.99999999,-66705299.999999985,-127997800.00000003,000977
20221101,,0.0,-27400600.0,0.0,9629199.999999983,-47490000.0,20680400.000000007,17180400.000000007,000977
20221102,,0.0,-65238500.0,0.0,2708699.9999999898,-49007500.0,24636500.000000052,21662299.999999996,000977
20221103,,0.0,-196312200.0,0.0,-18266700.00000002,-83018600.0,44954700.000000015,56330600.000000015,000977
20221104,,0.0,-25912000.0,0.0,12523599.99999997,-15808599.999999996,3319899.9999999795,-34899.99999997963,000977
20221107,,0.0,-104183900.0,0.0,-1846500.0000000144,-45222400.00000001,8779300.000000004,38289599.99999999,000977
20221108,,0.0,-19527400.0,0.0,95099.999999984,-7080400.000000004,11369099.999999998,-4383800.00000001,000977
20221109,,0.0,-106616299.99999999,0.0,-46384400.00000001,-13788600.000000002,13525499.999999993,46647600.0,000977
20221110,,0.0,22057600.000000004,0.0,-13300200.000000004,-4124200.000000001,-3784500.0000000075,21208899.999999993,000977
20221111,,0.0,-38675100.0,0.0,-18416799.999999985,-20785900.0,3507900.000000009,35694600.00000001,000977
20221114,,0.0,15588500.0,0.0,24581600.0,-2230599.9999999995,-2810799.999999999,-19540100.000000004,000977
20221115,,0.0,44693100.00000001,0.0,1372899.9999999723,69219200.0,-12306399.999999994,-58285800.0,000977
20221116,,0.0,-87568200.0,0.0,-37796399.99999999,-28952600.000000004,30195400.000000007,36553500.0,000977
20221117,,0.0,433391500.0,0.0,-620999.9999999854,236550600.00000006,-81023399.99999997,-154906200.0,000977
20221118,,0.0,-317318500.0,0.0,-38497099.99999999,-197873600.0,55669499.99999997,180701300.0,000977
20221121,,0.0,-75351900.0,0.0,20514599.999999993,-58424999.99999999,8866200.000000026,29044300.000000004,000977
20221122,,0.0,-163998300.00000003,0.0,-72837600.0,-67422700.0,40155400.00000001,100104999.99999999,000977
20221123,,0.0,-85896500.0,0.0,78099.9999999949,-36894100.0,-18186899.999999985,55002999.99999999,000977
20221124,,0.0,-88424000.0,0.0,-44237400.0,-33296400.000000004,1140499.9999999928,76393300.0,000977
20221125,,0.0,-19491300.0,0.0,-7889499.999999998,-8896299.999999998,-8707300.000000013,25493000.00000001,000977
20221128,,0.0,-84168600.0,0.0,-28454200.0,-19069399.999999996,-1463599.9999999877,48987099.99999999,000977
20221129,,0.0,42933200.0,0.0,15511899.999999987,7242300.0,-2214899.9999999977,-20539200.0,000977
20221130,,0.0,-27983500.0,0.0,2298000.000000002,4218800.000000001,-20286499.999999996,13769700.000000002,000977
20221201,,0.0,95542099.99999999,0.0,23183300.00000002,48393900.0,-23490400.000000007,-48086800.0,000977
20221202,,0.0,-7503700.0,0.0,-2860499.9999999925,-8534199.999999993,-4934099.999999998,16328799.999999974,000977
20221205,,0.0,385400.0,0.0,30263100.000000015,-19055299.999999996,-4810299.999999989,-6397500.0,000977
20221206,,0.0,-63466300.0,0.0,-24890500.00000001,-16448500.000000004,6499700.000000011,34839400.00000001,000977
20221207,,0.0,-43264600.0,0.0,-26984800.000000015,-19742600.0,9911600.000000017,36815600.00000001,000977
20221208,,0.0,-70820800.0,0.0,-22801100.000000007,-33839700.0,8965599.999999994,47675300.0,000977
20221209,,0.0,-67734000.0,0.0,-7684899.999999998,-1463599.999999999,-16387399.999999998,25535900.0,000977
20221212,,0.0,41515600.00000001,0.0,27989500.000000007,-9973899.999999998,623199.9999999971,-18638600.000000007,000977
20221213,,0.0,-126546700.0,0.0,-23036900.000000004,-38730500.0,14800800.0,46966600.00000001,000977
20221214,,0.0,-2885200.0,0.0,-59299.999999993815,-6399400.000000001,-4755699.999999997,11214499.999999998,000977
20221215,,0.0,33512800.000000004,0.0,-7408699.999999999,7186500.0,1064400.0000000051,-842299.9999999956,000977
20221216,,0.0,-48019000.0,0.0,-2635799.999999999,-16803700.0,-6305599.999999995,25745199.999999996,000977
20221219,,0.0,-60428000.0,0.0,846300.000000001,-4211900.000000001,-16800600.000000015,20166099.999999996,000977
20221220,,0.0,-59761800.0,0.0,-13544700.000000002,-17377100.0,-3337600.0000000023,34259400.00000001,000977
20221221,,0.0,-19084900.0,0.0,-10905299.999999998,-18539000.0,887699.9999999952,28556700.0,000977
20221222,,0.0,502100.0,0.0,-17537900.0,-10506399.999999998,7711599.999999998,20332599.999999993,000977
20221223,,0.0,32278400.0,0.0,1213199.9999999972,-18774100.0,-1732700.0000000044,19293500.000000004,000977
20221226,,0.0,-10150600.0,0.0,9417200.000000002,9289800.0,-7978600.000000006,-10728500.000000004,000977
20221227,,0.0,-21238400.0,0.0,-1473299.9999999993,-4936100.0,7777800.0000000065,-1368299.9999999993,000977
20221228,,0.0,-55672100.0,0.0,-2772800.0000000065,-20032899.999999996,5543099.999999995,17262600.000000004,000977
20221229,,0.0,17755800.0,0.0,-5381499.999999996,1842700.000000001,-182799.99999999744,3721599.9999999986,000977
20221230,,0.0,46258200.0,0.0,17135900.0,-9983999.999999998,6389300.000000003,-13541199.999999998,000977
20230103,,0.0,171814300.0,0.0,82459499.99999999,40998800.0,-39316199.99999999,-84142100.00000001,000977
20230104,,0.0,98681100.0,0.0,-17390199.999999985,-4721199.999999999,-25536899.999999985,47648300.0,000977
20230105,,0.0,5429900.0,0.0,-38006700.0,10603000.000000002,-389099.99999999854,27792799.99999999,000977
20230106,,0.0,-6328600.0,0.0,772900.0000000087,-13833099.999999994,-12955100.000000002,26015299.99999999,000977
20230109,,0.0,-53846400.0,0.0,20620800.0,-21218800.0,-16495100.000000002,17093199.999999996,000977
20230110,,0.0,-44377800.0,0.0,255599.9999999949,-24637100.0,-4677500.0,29059100.0,000977
20230111,,0.0,-76196500.0,0.0,-13319699.999999993,-9600699.999999996,2173600.0000000056,20746799.999999985,000977
20230112,,0.0,5266100.0,0.0,2819899.9999999977,-19179599.999999996,6623999.999999996,9735699.999999996,000977
20230113,,0.0,-24585900.0,0.0,4102700.000000004,-15524499.999999998,-4294300.000000003,15716099.999999996,000977
20230116,,0.0,129696600.0,0.0,25717599.999999985,58903400.0,-26168800.00000001,-58452299.99999999,000977
20230117,,0.0,-37998400.0,0.0,2798099.999999995,-12961700.0,-3218500.0000000037,13382100.0,000977
20230118,,0.0,56547600.0,0.0,29125799.99999998,28190299.999999996,-7259500.000000007,-50056500.0,000977
20230119,,0.0,69730800.0,0.0,29114899.99999998,29915599.999999996,-19916399.999999993,-39114199.999999985,000977
20230120,,0.0,1571600.0,0.0,-19525299.99999999,-38992399.999999985,18088900.00000003,40428899.99999999,000977
20230130,,0.0,-37771500.0,0.0,5172599.999999984,-41558900.0,27878100.000000015,8508200.000000015,000977
20230131,,0.0,-68569600.0,0.0,-21383200.000000015,-42319800.00000001,-27853000.00000001,91556200.00000001,000977
20230201,,0.0,121550100.0,0.0,1183299.9999999811,14827299.999999996,1456100.0000000058,-17466700.0,000977
20230202,,0.0,-21543800.0,0.0,-30138800.00000001,6965299.999999997,9430499.999999993,13742999.999999993,000977
20230203,,0.0,74330600.0,0.0,21519799.999999996,-11560299.999999989,12585000.0,-22544399.999999985,000977
20230206,,0.0,94938100.0,0.0,100338700.00000003,60013400.0,-31599400.000000022,-128752500.0,000977
20230207,,0.0,416617500.0,0.0,48856999.99999997,295259699.99999994,-133826699.99999999,-210289999.99999994,000977
20230208,,0.0,165651900.0,0.0,165501800.0000001,-25707400.000000052,-112458800.00000004,-27335599.999999978,000977
20230209,,0.0,661921100.0,0.0,-57103899.99999999,937215300.0,-416343799.9999999,-463767500.00000006,000977
20230210,,0.0,-146449100.0,0.0,-113623699.99999996,-267851399.99999985,12840099.999999803,368635100.0000001,000977
20230213,,0.0,550377600.0,0.0,-76137500.0,740033500.0,-292141000.00000006,-371754900.00000006,000977
20230214,,0.0,548383000.0,0.0,112335899.99999997,-336915099.9999998,130854199.99999984,93725000.0,000977
20230215,,0.0,656050300.0,0.0,-484931399.9999998,1296130600.0,-471432999.9999999,-339766100.0,000977
20230216,,0.0,39154000.0,0.0,-79361199.99999996,-191697899.9999998,-127470900.00000025,398530000.0,000977
20230217,,0.0,-11994500.0,0.0,-70757500.0,-204402600.0000001,33469199.999999836,241690900.00000012,000977
20230220,,0.0,542914700.0,0.0,-67899400.00000003,41525199.999999896,119535799.99999987,-93161600.00000003,000977
20230221,,0.0,-25702000.0,0.0,84529400.00000003,-549474900.0000002,15835599.999999978,449110000.0000001,000977
20230222,,0.0,227244800.0,0.0,-54391000.00000006,228967100.00000006,-62270000.0,-112306100.0,000977
20230223,,0.0,-245256800.0,0.0,91415000.0,-38503399.99999996,-82749200.00000013,29837600.000000093,000977
20230224,,0.0,668110000.0,0.0,-166682599.9999998,232806300.00000006,-38050599.99999998,-28072999.999999885,000977
20230227,,0.0,-83148200.0,0.0,64694400.00000002,-326079399.9999999,-28149199.999999836,289534400.0,000977
20230228,,0.0,518609000.0,0.0,-140604100.00000003,287892199.9999999,-164873400.00000027,17585299.99999999,000977
20230301,,0.0,117861500.0,0.0,-406204299.99999994,1470051400.0000002,-648826399.9999999,-415020800.0,000977
20230302,,0.0,232761800.0,0.0,-25114400.000000022,-547145000.0,333113900.0000001,239145599.99999997,000977
20230303,,0.0,1130904300.0,0.0,119302099.99999999,-779398100.0,278627700.0,381468300.0,000977
20230306,,0.0,3178784800.0,0.0,-543028600.0000001,-1019630800.0000007,419891500.00000024,1142768000.0000002,000977
20230307,,0.0,-70506800.0,0.0,195237200.0,-607156300.0,136329300.0000002,275589900.00000006,000977
20230308,,0.0,73210000.0,0.0,-76066900.00000003,-425853800.00000006,86055199.9999999,415865499.9999999,000977
20230309,,0.0,-583120400.0,0.0,-119574499.99999982,-379695400.00000006,103238299.99999987,396031600.00000006,000977
20230310,,0.0,-867299700.0,0.0,-133239700.00000001,-984461900.0000001,110719299.99999993,1006982200.0,000977
20230313,,0.0,680548600.0,0.0,-91899100.00000003,797395000.0,-409600799.9999999,-295894900.0000002,000977
20230314,,0.0,-522982800.0,0.0,-221490499.99999988,-820830300.0,275539800.0000001,766780900.0000001,000977
20230315,,0.0,-410322900.0,0.0,-56224499.99999997,-325274200.0,58860200.00000004,322638500.00000006,000977
20230316,,0.0,1920800.0000000002,0.0,-129721100.0,25191399.999999993,-64214400.00000002,168744199.99999997,000977
20230317,,0.0,57216899.99999999,0.0,-139768199.9999998,213203800.00000006,-54920100.00000009,-18515500.00000003,000977
20230320,,0.0,139878500.0,0.0,-70811999.99999982,-173247999.99999988,39453799.999999754,204606300.00000006,000977
20230321,,0.0,27362800.000000004,0.0,-48116999.99999983,32098899.999999993,-56601499.99999994,72619600.00000006,000977
20230322,,0.0,1238377200.0,0.0,82764700.00000001,488998000.0000002,-224606199.99999994,-347156499.99999994,000977
20230323,,0.0,1400065300.0,0.0,-8292799.999999989,1091530600.0000002,-481194900.0000002,-602042799.9999999,000977
20230324,,0.0,540911800.0,0.0,-26595199.999999605,-223023500.00000036,59234499.99999983,190384299.99999994,000977
20230327,,0.0,-669249400.0,0.0,-101265700.00000007,-892595499.9999999,272413200.00000006,721447999.9999999,000977
20230328,,0.0,-527286900.0,0.0,-218225000.0,-519364200.0000001,-25848599.99999986,763437600.0,000977
20230329,,0.0,-27031900.0,0.0,17546900.000000022,17167799.99999999,-64622900.00000008,29908299.999999873,000977
20230330,,0.0,-522194500.0,0.0,-162083800.00000006,-745986799.9999999,84346799.99999993,823723800.0,000977
20230331,,0.0,224879300.0,0.0,-106339199.99999999,28240299.99999999,-43977700.00000004,122076700.00000013,000977
20230403,,0.0,659882600.0,0.0,-18626300.000000045,473787099.99999994,-226772200.0,-228388600.00000015,000977
20230404,,0.0,-487908500.0,0.0,-66921799.99999993,-643582700.0,136753099.99999997,573751200.0,000977
20230406,,0.0,1149440800.0,0.0,4029299.99999993,846872900.0000001,-395048500.00000006,-455853699.99999994,000977
20230407,,0.0,-441040899.99999994,0.0,-80181400.0,-457797900.00000006,127076400.00000013,410902899.99999994,000977
20230410,,0.0,216190099.99999997,0.0,-112717700.00000018,257630300.0,-181404400.00000003,36491900.00000002,000977
20230411,,0.0,1844621700.0000002,0.0,-61981099.99999986,1363692400.0,-792348899.9999999,-509362299.9999998,000977
20230412,,0.0,586912200.0,0.0,-257859100.00000033,1139385600.0000005,-661214000.0000002,-220312399.9999999,000977
20230413,,0.0,-1325608100.0,0.0,-383189400.0,-2290638199.9999995,966639800.0000004,1707187600.0,000977
20230414,,0.0,-328802699.99999994,0.0,-195587300.00000012,-323486900.0,29389200.000000127,489684900.00000006,000977
20230417,,0.0,301327100.0,0.0,-109040299.99999999,97200399.99999994,31624300.00000022,-19784499.99999997,000977
20230418,,0.0,595112000.0,0.0,42019100.00000004,102784800.0000001,-100861800.00000022,-43942200.000000015,000977
20230419,,0.0,380010500.0,0.0,-149264500.00000012,-63821099.99999986,-57018899.99999956,270104500.0000001,000977
20230420,,0.0,383494700.0,0.0,23850499.999999885,355915399.99999976,-192885100.0000001,-186880900.00000012,000977
20230421,,0.0,-96719300.0,0.0,-28144100.000000034,-116484299.99999993,-86622099.99999993,231250599.99999997,000977
20230424,,0.0,918548700.0,0.0,-228944199.99999985,671259700.0,-253251499.99999964,-189063899.99999985,000977
20230425,,0.0,90204599.99999999,0.0,39268800.000000045,-916822999.9999999,345163300.0000002,532390899.99999994,000977
20230426,,0.0,-817121100.0,0.0,-256292500.0,-374804100.00000006,48924299.99999993,582172200.0000001,000977
20230427,,0.0,-239806100.0,0.0,138274800.00000012,-714244600.0000001,192956900.00000003,383012899.99999994,000977
20230428,,0.0,483743399.99999994,0.0,-339391799.99999994,-373886300.00000006,273494299.99999994,439783800.00000006,000977
20230504,,0.0,73143900.0,0.0,-98770299.99999999,239750200.00000003,-137460800.00000015,-3519000.0000000875,000977
20230505,,0.0,-790211000.0,0.0,-149467299.99999982,-827557899.9999999,170336100.00000015,806689099.9999999,000977
20230508,,0.0,17310400.0,0.0,13149900.000000052,-281812700.00000006,-58032600.00000009,326695400.00000006,000977
20230509,,0.0,70818200.0,0.0,-108005700.00000007,60315800.000000015,-62886399.99999985,110576400.0,000977
20230510,,0.0,-565212900.0,0.0,-264846399.99999985,-371405000.0,-105179200.00000013,741430700.0000001,000977
20230511,,0.0,-244675500.0,0.0,-145014300.0000001,-36471100.00000001,-72914700.00000001,254400100.00000003,000977
20230512,,0.0,91930800.0,0.0,-101273099.99999997,82880199.99999997,3942100.0000000643,14450899.999999965,000977
20230515,,0.0,101475300.0,0.0,-52967400.00000005,-20495599.999999978,-22120600.000000123,95583500.00000006,000977
20230516,,0.0,-13779100.0,0.0,-165735699.9999999,-58554500.000000045,38319199.999999985,185970999.9999999,000977
20230517,,0.0,725862300.0,0.0,-125256199.99999996,778179700.0,-308441699.9999998,-344481900.0,000977
20230518,,0.0,207815300.0,0.0,-31627299.999999814,-6963700.000000099,-79803699.99999996,118394800.0000001,000977
20230519,,0.0,-143072200.0,0.0,71674499.99999997,34375999.99999991,-182949400.00000003,76898900.0,000977
20230522,,0.0,-84056900.0,0.0,-88842400.00000006,8698499.999999985,-89539400.00000003,169683199.9999999,000977
20230523,,0.0,-465585899.99999994,0.0,-64745000.0,-202208299.99999994,-45285499.99999988,312238799.9999999,000977
20230524,,0.0,26019600.0,0.0,-122006499.99999994,33630600.00000005,-41384600.00000007,129760500.00000003,000977
20230525,,0.0,1036018600.0,0.0,81538600.00000015,617199000.0,-406952099.99999994,-291785600.0000001,000977
20230526,,0.0,440138100.0,0.0,49626200.000000246,255926400.0,-230640899.99999997,-74911699.99999999,000977
20230529,,0.0,-495533900.0,0.0,-335707800.0,-40352299.99999996,-31838899.999999847,407898999.99999994,000977
20230530,,0.0,1564695500.0,0.0,-172312000.00000012,1792876900.0000002,-892516100.0000001,-728048699.9999998,000977
20230531,,0.0,458438100.0,0.0,25708099.999999978,-624254299.9999999,291102800.0,307443400.0000001,000977
20230601,,0.0,316291500.0,0.0,126513200.00000007,-29426300.000000045,-67670400.00000007,-29416500.000000086,000977
20230602,,0.0,-222216100.0,0.0,-111875000.0,-135993099.99999997,-36617299.999999814,284485200.00000006,000977
20230605,,0.0,-61623000.0,0.0,30637700.00000004,-21031200.0000001,16497400.000000052,-26103799.9999999,000977
20230606,,0.0,6157000.0,0.0,-151823799.9999999,-220951699.99999997,30489900.000000052,342285600.0,000977
20230607,,0.0,-245807100.0,0.0,-192291000.00000006,-304581200.0,98586100.0,398286100.0,000977
20230608,,0.0,97143300.0,0.0,-47766600.00000004,-130459400.00000003,94059700.00000001,84166299.9999999,000977
20230609,,0.0,922571100.0,0.0,167827600.0000001,378912299.99999994,-214501199.99999994,-332238699.99999994,000977
20230612,,0.0,-121955200.0,0.0,43296999.99999997,-182342800.00000006,54588600.00000015,84457300.0000001,000977
20230613,,0.0,663412500.0,0.0,44170000.0,1155230500.0,-688879299.9999999,-510521000.00000006,000977
20230614,,0.0,749896799.9999999,0.0,319796199.99999994,-108724099.99999975,-94348099.99999997,-116724100.00000003,000977
20230615,,0.0,183882500.0,0.0,60011000.00000006,-371151800.00000006,168223300.00000015,142917599.99999994,000977
20230616,,0.0,1183723100.0,0.0,-286206000.00000006,759594899.9999999,-219123900.00000015,-254265000.0,000977
20230619,,0.0,540405400.0,0.0,-118260400.00000007,783659800.0000001,-336025300.0,-329374200.0,000977
20230620,,0.0,225929600.0,0.0,93550800.00000016,-569286400.0000001,75247500.0,400488100.0000001,000977
20230621,,0.0,62874600.0,0.0,76100199.9999999,-113120699.9999995,-84943800.00000004,121964299.99999993,000977
20230626,,0.0,-648705800.0,0.0,-456538599.9999999,427030399.99999976,-350560700.00000006,380068799.9999999,000977
20230627,,0.0,-397673300.0,0.0,-173773399.99999997,-281987099.99999994,237416400.00000015,218344000.0000001,000977
20230628,,0.0,1276442900.0,0.0,40235200.00000001,-424475300.0,176210600.0,208029400.00000003,000977
20230629,,0.0,-530956300.0,0.0,-724930800.0000001,-400886699.9999998,510897700.0000002,614919800.0000001,000977
20230630,,0.0,-67734100.0,0.0,32936600.000000034,-219700599.99999997,906800.0000002212,185857300.00000012,000977
20230703,,0.0,-400927800.0,0.0,140977300.00000012,-607292100.0000001,121088200.00000007,345226599.9999999,000977
20230704,,0.0,-170776400.0,0.0,-185284499.99999997,10305700.00000007,2747200.0000000116,172231500.0000001,000977
20230705,,0.0,-576857500.0,0.0,-253232600.0000001,-313784200.0,171674999.99999985,395341700.0,000977
20230706,,0.0,266006400.0,0.0,36295599.99999998,137876500.0000001,-61433599.99999986,-112738500.00000006,000977
20230707,,0.0,-1009981000.0,0.0,163271600.00000003,-270592400.00000006,-104022999.99999988,211343800.00000006,000977
20230710,,0.0,-185193700.0,0.0,-143386400.0,-360822800.00000006,73629400.00000003,430579800.00000006,000977
20230711,,0.0,-272505200.0,0.0,-110298500.00000006,33119899.99999998,-2232900.0000000815,79411400.0,000977
20230712,,0.0,-579260500.0,0.0,85599700.00000001,-1377418700.0,235980200.00000018,1055838900.0,000977
20230713,,0.0,313058300.0,0.0,-28143900.00000014,123436200.0000001,-88354899.99999991,-6937299.999999959,000977
20230714,,0.0,685489700.0,0.0,-138851400.00000015,426447199.9999999,-131088299.99999987,-156507600.0000001,000977
20230717,,0.0,546571400.0,0.0,-114008599.99999987,445249700.0,-100837700.00000018,-230403500.00000006,000977
20230718,,0.0,70704900.0,0.0,253395700.00000006,216936599.99999973,-273648900.0000001,-196683299.99999988,000977
20230719,,0.0,-413014400.0,0.0,-126393599.99999987,-175325199.99999988,-70951199.99999996,372670000.0,000977
20230720,,0.0,-422042900.0,0.0,-81760699.99999993,-326944900.0,67544099.9999999,341161400.0,000977
20230721,,0.0,-432452300.00000006,0.0,-68071100.0,-194403600.0,87513300.00000001,174961299.99999997,000977
20230724,,0.0,610473200.0,0.0,-235315300.0,952212800.0,-525892400.0000002,-191005099.99999994,000977
20230725,,0.0,122332400.0,0.0,86281200.00000024,-168497400.00000006,113080299.99999999,-30863999.99999994,000977
20230726,,0.0,-474449000.0,0.0,-87127400.00000006,-338018800.00000006,164181300.00000006,260964900.00000006,000977
20230727,,0.0,-3112600.0,0.0,-169714299.99999994,162468700.00000003,-6803200.00000007,14048799.999999901,000977
20230728,,0.0,439291900.0,0.0,-271610800.0000002,885696600.0,-287038400.00000024,-327047400.00000006,000977
20230731,,0.0,-294621200.0,0.0,-144070300.0,-438479100.00000006,111390299.99999999,471159100.00000006,000977
20230801,,0.0,882616500.0,0.0,67225700.00000007,375142900.00000006,-205769700.0,-236598999.99999994,000977
20230802,,0.0,-401636100.0,0.0,-32698399.999999966,-125410199.99999997,78457399.99999991,79651100.0,000977
20230803,,0.0,225311900.0,0.0,-60958300.000000164,-144250100.0000001,55274700.000000015,149933800.00000006,000977
20230804,,0.0,816626300.0,0.0,93486999.99999982,472275399.99999994,-329193700.00000024,-236568699.99999994,000977
20230807,,0.0,-50348100.00000001,0.0,-40036900.00000002,-304899800.0000001,61300.000000046566,344875399.99999994,000977
20230808,,0.0,-542994400.0,0.0,-90893699.99999996,-354400300.0,24183399.999999966,421110600.0,000977
20230809,,0.0,-663283300.0,0.0,-367028999.99999994,-352292699.99999994,159505300.0,559816400.0,000977
20230810,,0.0,-352595500.0,0.0,-241310700.00000006,218621599.99999997,-9195099.999999948,31884300.000000075,000977
20230811,,0.0,-686641700.0,0.0,-203647200.0,-398132900.00000006,151539899.9999999,450240300.00000006,000977
20230814,,0.0,-101830200.0,0.0,-103115700.00000007,3036699.9999999823,-42354599.99999992,142433500.0,000977
20230815,,0.0,-510155600.0,0.0,-321027399.9999999,-302382500.0,91767699.9999999,531642100.00000006,000977
20230816,,0.0,-43058500.0,0.0,-91262700.00000004,-233285400.0,-2808500.000000058,327356600.00000006,000977
20230817,,0.0,65188600.0,0.0,-46266800.000000075,88707399.99999999,-97889799.99999996,55449199.999999985,000977
20230818,,0.0,-385071200.0,0.0,-163880500.00000003,-448947899.99999994,176094699.99999988,436733600.0,000977
20230821,,0.0,-155960500.0,0.0,-122870500.00000003,-73483800.00000001,32620400.000000082,163734000.0,000977
20230822,,0.0,207378800.0,0.0,5308399.999999965,436440899.99999994,-215983899.99999985,-225765400.0000001,000977
20230823,,0.0,-649027800.0,0.0,-132829300.00000007,-511393900.00000006,238101100.0,406122099.99999994,000977
20230824,,0.0,409673600.0,0.0,123525700.00000007,106172299.99999996,-141176100.0,-88521799.99999993,000977
20230825,,0.0,-585542100.0,0.0,-215917100.00000006,-602804400.0,75548900.0,743172700.0,000977
20230828,,0.0,-76746000.0,0.0,-294760700.00000006,22995599.999999978,-71446800.00000007,343211900.0,000977
20230829,,0.0,562559800.0,0.0,132882900.00000007,314727300.00000006,-249415599.99999997,-198194500.00000012,000977
20230830,,0.0,41858400.0,0.0,-35634400.00000002,-13363000.00000003,-18169600.000000063,67166999.99999997,000977
20230831,,0.0,150469800.0,0.0,-108753200.0,-146280000.0,4937799.999999989,250095399.99999994,000977
20230901,,0.0,-156756100.0,0.0,-144855200.00000003,-142759000.0,3883099.9999999767,283731099.99999994,000977
20230904,,0.0,-126414300.0,0.0,-204775600.00000006,123794900.00000001,-41805200.00000004,122786000.00000006,000977
20230905,,0.0,-330416700.0,0.0,-127610100.00000001,-273815000.00000006,32201199.999999955,369224000.0,000977
20230906,,0.0,-52648300.0,0.0,-111702300.00000003,-43568400.0,-85036999.99999997,240307600.00000003,000977
20230907,,0.0,-182338700.0,0.0,-208671699.99999997,-161575700.00000003,-3929700.0000000116,374177100.00000006,000977
20230908,,0.0,-111041299.99999999,0.0,-153200100.00000003,-109959700.0,-95700899.99999997,358860700.0,000977
20230911,,0.0,-5282300.0,0.0,-345887399.9999999,1000671800.0000001,-248535899.99999997,-406248499.99999994,000977
20230912,,0.0,-22912500.0,0.0,145780399.99999994,-243742700.00000003,101827100.00000006,-3864799.999999959,000977
20230913,,0.0,-179340400.0,0.0,-104536299.9999999,-37787899.99999993,-81840599.99999997,224164900.00000006,000977
20230914,,0.0,-239292200.0,0.0,52466799.99999993,-136967399.99999997,120696999.99999997,-36196500.00000009,000977
20230915,,0.0,-579361200.0,0.0,-35936299.99999997,-738410499.9999999,195385200.00000003,578961699.9999999,000977
20230918,,0.0,-89688700.00000001,0.0,-128772300.00000003,-35419199.999999985,-47766299.99999997,211957800.0,000977
20230919,,0.0,-3808500.0,0.0,-148544400.00000003,9694799.999999996,-26596500.000000015,165446200.00000003,000977
20230920,,0.0,-59101300.0,0.0,-33776200.00000003,-25909399.999999985,47656800.0,12028700.000000026,000977
20230921,,0.0,478129300.0,0.0,109206100.0,310220999.99999994,-171510500.00000003,-247916499.99999994,000977
20230922,,0.0,567043300.0,0.0,92523500.00000006,400726199.99999994,-197610399.9999998,-295639199.9999998,000977
20230925,,0.0,-747264100.0,0.0,-231929900.00000006,-524985400.0,263998099.99999997,492917100.00000006,000977
20230926,,0.0,137938500.0,0.0,40376499.99999994,131227099.99999999,-104539299.99999993,-67064199.999999985,000977
20230927,,0.0,-159087900.0,0.0,-8894700.000000011,-182783500.00000003,36786699.999999985,154891500.0,000977
20230928,,0.0,253811100.0,0.0,17132899.999999937,130361599.99999996,-97556499.99999994,-49938099.99999998,000977
20231009,,0.0,-158126300.0,0.0,-69997699.99999997,-160628700.0,44048999.99999994,186577399.99999997,000977
20231010,,0.0,-380231600.00000006,0.0,-87629500.00000004,-2959000.0000000144,-93015200.00000004,183603700.00000003,000977
20231011,,0.0,451212600.0,0.0,113418600.0,-20057300.000000034,776399.9999999942,-94137799.99999999,000977
20231012,,0.0,-918616000.0,0.0,-214176699.99999997,-350956600.00000006,-11601300.000000047,576734599.9999999,000977
20231013,,0.0,-487434200.0,0.0,-138273399.99999997,-486809300.00000006,78750999.99999991,546331800.0000001,000977
20231016,,0.0,-284407500.0,0.0,-148268400.00000003,-88259800.00000001,-12415600.00000005,248943799.99999997,000977
20231017,,0.0,-238293600.0,0.0,-82676900.00000003,-29039300.000000004,-52782500.0,164498600.0,000977
20231018,,0.0,607643600.0,0.0,-374325000.0,-690246299.9999999,266986199.99999994,797585199.9999999,000977
20231019,,0.0,334417100.0,0.0,54754900.00000005,-176756599.99999997,153549700.0,-31547899.999999937,000977
20231020,,0.0,-258417800.0,0.0,-89310899.99999997,-71724199.99999999,-98228300.00000001,259263400.00000003,000977
20231023,,0.0,-29857399.999999996,0.0,-86392400.00000006,-98481100.00000004,-131624800.0000001,316498299.99999994,000977
20231024,,0.0,-158434600.0,0.0,-99529799.99999996,-32327099.999999993,-39821699.999999985,171678700.00000003,000977
20231025,,0.0,-193797200.0,0.0,-21798400.000000037,14287700.000000004,-42818899.99999999,50329599.99999999,000977
20231026,,0.0,370180100.0,0.0,21193899.999999993,266644600.0,-152220300.0,-135618300.00000003,000977
20231027,,0.0,-6810000.0,0.0,-71600800.00000001,-79195299.99999996,73077000.00000012,77719000.00000001,000977
20231030,,0.0,134976400.0,0.0,-23774799.99999996,67853000.0,-52115299.999999985,8036999.999999971,000977
20231031,,0.0,-151942000.0,0.0,-50313899.99999999,-171224000.0,31422300.000000034,190115700.0,000977
20231101,,0.0,-63152299.99999999,0.0,5210500.000000029,80781699.99999999,19509000.000000086,-105501100.0,000977
20231102,,0.0,-156530100.0,0.0,-121791499.99999994,-106515699.99999999,7698899.999999994,220608200.0,000977
20231103,,0.0,536588600.0,0.0,50603699.999999955,307188800.0,-169078400.00000012,-188714000.0,000977
20231106,,0.0,77421600.0,0.0,36778099.99999998,-17664599.999999993,22979400.000000022,-42092799.999999985,000977
20231107,,0.0,135845800.0,0.0,469700.00000001164,43616100.00000001,-48899599.99999992,4813699.999999953,000977
20231108,,0.0,-65050300.0,0.0,16308400.00000011,-89575400.00000001,25373800.000000045,47893099.99999998,000977
20231109,,0.0,180948800.0,0.0,151418600.00000015,917514100.0000002,-409063999.99999994,-659868699.9999998,000977
20231110,,0.0,-362190000.0,0.0,67579199.99999984,-819814900.0,294161900.0,458073800.00000006,000977
20231113,,0.0,-111831200.00000001,0.0,-101424599.99999993,25559400.000000022,-16931699.999999836,92796799.99999993,000977
20231114,,0.0,-81470900.0,0.0,40936399.99999999,-230642500.0,49474700.000000015,140231300.00000006,000977
20231115,,0.0,-473750600.0,0.0,-128069199.99999999,-106050500.00000003,45463600.00000001,188656200.0000001,000977
20231116,,0.0,57494799.99999999,0.0,-3500099.999999948,-68806200.00000003,-42706999.99999997,115013300.00000001,000977
20231117,,0.0,452756200.0,0.0,45123600.00000015,357129900.00000006,-269158999.99999994,-133094499.99999997,000977
20231120,,0.0,688534299.9999999,0.0,113074100.00000003,389258400.0000001,-146707099.9999999,-355625300.0,000977
20231121,,0.0,-588497400.0,0.0,-206992900.0000001,-384185600.0000001,56738399.99999996,534440199.9999999,000977
20231122,,0.0,-340573800.0,0.0,-159220200.00000003,-62060700.00000007,-13726299.999999756,235007200.0,000977
20231123,,0.0,483411900.0,0.0,107411600.00000003,390253600.0,-229910700.00000006,-267754499.99999997,000977
20231124,,0.0,-796174400.0,0.0,-200111900.00000003,-391052499.99999994,25222999.999999885,565941400.0,000977
20231127,,0.0,-448153000.0,0.0,-120321300.00000004,-331466400.0,-11881100.000000006,463668800.0,000977
20231128,,0.0,-76652200.0,0.0,-14857300.000000032,-43123900.00000003,11268099.999999978,46713200.0,000977
20231129,,0.0,58829300.0,0.0,-63737399.99999991,104488799.99999997,-39147800.000000134,-1603499.9999999856,000977
20231130,,0.0,-210157100.0,0.0,-10554799.999999959,-143479300.0,16561900.000000022,137472300.00000003,000977
20231201,,0.0,589085900.0,0.0,182758700.0000001,229746699.99999997,-125223600.0,-287281800.00000006,000977
20231204,,0.0,-362110199.99999994,0.0,-45031799.99999993,-308458999.99999994,91699700.00000001,261790999.9999999,000977
20231205,,0.0,-560900300.0,0.0,-214392000.00000012,-440322999.99999994,53853099.99999998,600861900.0,000977
20231206,,0.0,-108684200.0,0.0,-86589900.00000006,-127523600.0,26826600.000000034,187286899.99999994,000977
20231207,,0.0,-47794600.0,0.0,-6727799.999999989,38128800.00000001,-14546999.99999997,-16854100.000000034,000977
20231208,,0.0,1050097000.0,0.0,290940899.99999994,312608899.99999994,-219682700.00000018,-383867099.99999994,000977
20231211,,0.0,-186049600.0,0.0,-146981999.99999997,-4273299.999999945,25432299.99999996,125823000.00000003,000977
20231212,,0.0,-251527200.0,0.0,-34236200.0000001,-155952199.99999994,71976000.00000006,118212299.99999996,000977
20231213,,0.0,-425098000.0,0.0,-68669800.00000003,-209746400.00000003,5550100.0000000205,272866099.99999994,000977
20231214,,0.0,-61130300.0,0.0,16314499.99999997,1987699.9999999679,-46274300.000000075,27972100.000000063,000977
20231215,,0.0,-351722699.99999994,0.0,-93769000.00000001,-186827100.0,13134299.99999993,267461800.0,000977
20231218,,0.0,-116432400.0,0.0,-93550299.99999999,-63040400.00000001,-22456500.000000015,179047300.0,000977
20231219,,0.0,-34329200.0,0.0,-20987300.000000034,35861100.00000001,-57897299.99999996,43023399.99999996,000977
20231220,,0.0,-418722699.99999994,0.0,-192941100.0,-188613700.0,35970199.999999896,345584600.0,000977
20231221,,0.0,271072100.0,0.0,25494199.99999998,26001399.999999993,-23793800.000000045,-27701800.000000004,000977
20231222,,0.0,-221628900.0,0.0,-81769400.00000003,-154630899.99999997,2402900.000000009,233997399.99999997,000977
20231225,,0.0,44485600.00000001,0.0,-38260900.0,-23240900.0,-18568199.999999996,80070000.00000003,000977
20231226,,0.0,-170210400.0,0.0,-91019300.00000004,-73638000.0,-36520800.000000015,201178099.99999997,000977
20231227,,0.0,103241900.0,0.0,11169099.999999998,-28022799.99999999,-50333400.00000004,67187200.00000001,000977
20231228,,0.0,153382900.0,0.0,-40902400.00000005,173356300.0,-96482099.99999999,-35971800.0,000977
20231229,,0.0,-33581800.0,0.0,-4208200.00000007,-23622600.00000002,4842000.000000044,22988899.999999993,000977
20240102,,0.0,-213714500.0,0.0,-36229799.99999999,-100498299.99999999,53312300.00000003,83415700.0,000977
20240103,,0.0,-151442400.0,0.0,-80256900.00000003,-84994700.0,37982600.00000002,127268900.00000006,000977
20240104,,0.0,-77833200.0,0.0,-87859300.0,-4259399.999999996,-21050200.00000004,113168800.00000001,000977
20240105,,0.0,-102880700.0,0.0,-150729800.0,-132603599.99999999,8554599.99999999,274778800.0,000977
20240108,,0.0,-122746200.00000001,0.0,-77148699.99999999,-19070500.00000001,-24210099.999999985,120429300.0,000977
20240109,,0.0,-44679300.0,0.0,-407299.99999999563,-39861600.00000001,26869799.99999996,13399199.999999983,000977
20240110,,0.0,16356500.0,0.0,4797900.000000008,-17506000.000000004,-5895800.000000018,18603799.999999974,000977
20240111,,0.0,38871400.0,0.0,85962200.00000001,71803400.0,-38022899.99999993,-119742799.99999991,000977
20240112,,0.0,-156798300.0,0.0,-16957900.000000007,-28112800.000000007,18887699.999999966,26182999.999999955,000977
20240115,,0.0,1009500.0,0.0,-39811699.999999985,8858600.000000006,-21168900.00000003,52121999.99999997,000977
20240116,,0.0,-121483300.0,0.0,-14399700.000000011,-50133400.0,-8541100.000000006,73074200.00000001,000977
20240117,,0.0,285448300.0,0.0,90062200.00000001,105236800.0,-93586499.99999994,-101712500.0,000977
20240118,,0.0,380745100.0,0.0,104928699.99999996,104007200.00000001,20535399.999999937,-229471300.00000006,000977
20240119,,0.0,122241299.99999999,0.0,64433899.99999999,-62959300.0,-862500.0,-612199.9999998661,000977
20240122,,0.0,-246461000.0,0.0,-37264700.000000015,-213935300.0,4890999.999999985,246308900.00000006,000977
20240123,,0.0,420633300.0,0.0,123542599.99999994,236632599.99999997,-82353900.0,-277821300.0,000977
20240124,,0.0,-358834400.0,0.0,-72224300.0,-79366300.00000001,-14585700.00000007,166176400.0,000977
20240125,,0.0,618239900.0,0.0,67954899.99999991,238205700.0,-131492799.99999999,-174667700.00000003,000977
20240126,,0.0,-114171200.00000001,0.0,-23621300.000000045,-193962500.0,44739300.0,172844400.00000003,000977
20240129,,0.0,-374401900.0,0.0,-166391000.0,-176988799.99999997,37888200.0,305491400.0,000977
20240130,,0.0,-165659400.0,0.0,-87563699.99999999,-32445599.999999996,-19163499.999999985,139172899.99999994,000977
20240131,,0.0,-240600099.99999997,0.0,-104826299.99999997,-117987500.0,9591999.99999997,213221800.0,000977
20240201,,0.0,190009800.0,0.0,45041599.99999996,55868699.99999999,-23263300.00000002,-77647000.00000004,000977
20240202,,0.0,-184689800.0,0.0,-46451299.99999997,-120585400.00000001,-28825699.999999996,195862600.00000003,000977
20240205,,0.0,-125458400.0,0.0,-19189899.99999998,61260999.999999985,-102838799.99999997,60767700.00000004,000977
20240206,,0.0,201197400.00000003,0.0,70431199.99999996,60942599.999999985,-55511700.00000005,-75862099.99999999,000977
20240207,,0.0,-167727100.0,0.0,-64195400.00000001,-94865999.99999999,4897300.000000032,154164099.99999997,000977
20240208,,0.0,203437300.0,0.0,5517399.9999999795,122650500.00000003,-39564400.00000002,-88603499.99999999,000977
20240219,,0.0,504180100.0,0.0,83904900.00000006,124298099.99999997,-68156000.00000006,-140046999.99999997,000977
20240220,,0.0,229299500.0,0.0,15530800.000000017,-71211800.0,28669900.000000052,27011000.00000006,000977
20240221,,0.0,-258921699.99999997,0.0,-145428800.00000006,-175652399.9999999,54858399.99999996,266222900.0000001,000977
20240222,,0.0,236410200.0,0.0,24017699.999999896,86230400.00000007,-71839700.00000001,-38408500.00000006,000977
20240223,,0.0,-200522700.0,0.0,-6804299.99999993,-57797600.00000002,28731800.000000075,35870100.00000009,000977
20240226,,0.0,119438900.0,0.0,49871900.00000002,-40085299.999999985,-6705200.000000041,-3081499.999999942,000977
20240227,,0.0,530375700.0,0.0,78210899.99999997,362486100.0,-170050800.00000015,-270646200.0000001,000977
20240228,,0.0,-519018000.0,0.0,-84306300.00000004,-490681000.00000006,85490699.99999978,489496500.00000024,000977
20240229,,0.0,149706900.0,0.0,-5017600.000000093,66947799.999999985,-6628999.999999942,-55301199.999999955,000977
20240301,,0.0,-800617100.0000001,0.0,-843416099.9999999,2949969599.9999995,-1413209300.0,-693344200.0,000977
20240304,,0.0,-764045900.0,0.0,65569700.000000305,-1703495500.0,775022900.0000001,862903000.0000001,000977
20240305,,0.0,-434278600.0,0.0,-48891699.999999836,-847151600.0,331897400.0000002,564145800.0000001,000977
20240306,,0.0,-394301400.0,0.0,-5200700.00000007,-281000099.99999994,108717999.99999988,177482800.0,000977
20240307,,0.0,-309065700.0,0.0,87734000.00000024,-417931300.00000006,79831000.00000006,250366200.0000001,000977
20240308,,0.0,588588600.0,0.0,-90702500.0,201780599.99999997,-22832799.99999999,-88245399.99999994,000977
20240311,,0.0,-424395500.0,0.0,-227470800.00000015,-155180899.99999997,142848500.00000006,239803200.00000006,000977
20240312,,0.0,-383961200.0,0.0,-145040599.99999997,-324069700.00000006,152290700.00000006,316819500.0,000977
20240313,,0.0,-686005000.0,0.0,-134697800.0,-287612400.00000006,48225800.000000164,374084400.0,000977
20240314,,0.0,100017700.0,0.0,-192282299.99999997,-239005200.00000003,-68832500.0,500120000.0,000977
20240315,,0.0,16244100.0,0.0,-133081500.00000009,128699700.00000001,-40366699.999999985,44748600.00000001,000977
20240318,,0.0,986423400.0,0.0,320906100.0000002,529677600.0000001,-352525300.0,-498058399.99999994,000977
20240319,,0.0,-158124100.0,0.0,-139691900.00000003,5895099.999999948,17701100.000000153,116095800.00000001,000977
20240320,,0.0,-241837700.0,0.0,-51949600.00000007,-96762900.00000001,-19153399.999999966,167865899.99999997,000977
20240321,,0.0,-373671200.0,0.0,-31591500.000000086,-289019500.0,114697799.99999999,205913300.00000003,000977
20240322,,0.0,-99160300.0,0.0,-47796800.000000075,-115757200.00000001,-16681199.999999953,180235100.00000003,000977
20240325,,0.0,-34334900.0,0.0,34534199.999999985,-90314400.00000003,-57951199.999999955,113731400.0,000977
20240326,,0.0,72700900.0,0.0,105595700.00000007,105301499.99999994,-199081100.00000015,-11816200.000000099,000977
20240327,,0.0,61785900.0,0.0,50346199.999999955,198966600.00000003,-192126499.99999994,-57186399.99999999,000977
20240328,,0.0,1866176099.9999998,0.0,-186324500.00000012,2178548800.0,-1131241500.0,-860982900.0000001,000977
20240329,,0.0,-877605500.0,0.0,-400003699.99999994,-993374100.0,565295400.0000001,828082300.0000001,000977
20240401,,0.0,144057800.0,0.0,225805200.00000018,54094800.000000104,-149073699.99999994,-130826300.00000004,000977
20240402,,0.0,-1147677800.0,0.0,-374445800.0000002,-870490200.0000002,424315499.9999999,820620599.9999999,000977
20240403,,0.0,-483040000.0,0.0,-54440500.00000003,-384687899.99999994,-42436800.000000075,481565099.99999994,000977
20240408,,0.0,53943500.0,0.0,-16614700.000000011,-33336700.00000002,-52098000.00000003,102049400.00000003,000977
20240409,,0.0,-281258400.0,0.0,-164674499.99999997,-218244000.00000006,-14663099.999999978,397581700.00000006,000977
20240410,,0.0,-196315700.0,0.0,-173649600.0,-215795800.00000003,-6701100.000000006,396146499.99999994,000977
20240411,,0.0,116006700.0,0.0,51596299.99999997,-22622399.99999998,26913099.999999978,-55886900.00000002,000977
20240412,,0.0,-76189200.0,0.0,-35866399.99999999,-24390900.0,-30245500.00000003,90503000.00000003,000977
20240415,,0.0,-100058200.0,0.0,-61747699.99999997,-23132799.99999999,-66302500.0,151183100.00000006,000977
20240416,,0.0,-134258600.0,0.0,-39813799.99999997,-57528100.000000015,-39052099.99999999,136394000.0,000977
20240417,,0.0,53290500.0,0.0,48453900.00000007,107949100.00000003,-20875000.0,-135528099.99999997,000977
20240418,,0.0,-155149900.0,0.0,-34148300.000000015,-69336100.0,-44433999.99999994,147918300.00000003,000977
20240419,,0.0,-363566500.0,0.0,-331230800.0000001,-314693800.0,75884400.00000003,570040300.0000001,000977
20240422,,0.0,94427700.0,0.0,25621800.000000004,-157000.00000000728,-77375100.00000001,51910400.00000001,000977
20240423,,0.0,-173173000.0,0.0,-70633399.99999997,-11259899.999999998,-65775799.99999995,147669100.00000003,000977
20240424,,0.0,460276700.0,0.0,67200200.00000004,190469299.99999997,-39186600.00000004,-218482900.0000001,000977
20240425,,0.0,-164746000.0,0.0,-113238499.99999999,-19436800.000000004,-22579799.99999996,155255100.00000003,000977
20240426,,0.0,206448600.0,0.0,55021900.00000002,108693800.00000004,-30276900.000000022,-133438900.0,000977
20240429,,0.0,113066000.0,0.0,105217400.00000006,-9060900.000000037,-33510000.0,-62646499.99999994,000977
20240430,,0.0,849267300.0,0.0,77868300.00000016,437078100.0000001,-322007300.0000001,-192938999.99999994,000977
20240506,,0.0,-140688500.0,0.0,-16076100.000000006,-73368699.99999996,21784799.99999996,67660000.0,000977
20240507,,0.0,-478226200.0,0.0,-95655699.99999993,-189456999.99999997,62064100.00000004,223048600.0,000977
20240508,,0.0,-271886600.0,0.0,-108064700.00000001,-166920300.00000003,-65584000.00000009,340568999.99999994,000977
20240509,,0.0,-153845200.0,0.0,-16643600.000000006,-43918600.00000001,41368099.99999998,19194099.999999963,000977
20240510,,0.0,-353282800.0,0.0,-190959899.99999997,-194125799.99999997,36763200.0,348322600.0,000977
20240513,,0.0,-112114200.0,0.0,-102254300.0,-64989899.99999998,58419599.99999999,108824600.00000006,000977
20240514,,0.0,448155500.0,0.0,134566400.0,132611200.00000003,-34712700.00000004,-232464899.9999999,000977
20240515,,0.0,-189344400.0,0.0,-48460200.00000004,-48241100.00000001,-6588199.999999925,103289399.99999996,000977
20240516,,0.0,160833400.0,0.0,57111200.0000001,115689800.00000003,-106261099.99999987,-66539900.00000005,000977
20240517,,0.0,-467066200.0,0.0,-183518500.0,-243326499.99999997,72504199.99999999,354340799.99999994,000977
20240520,,0.0,571556700.0,0.0,37480999.99999991,223694800.00000003,-154755800.00000003,-106420000.0,000977
20240521,,0.0,-208289600.0,0.0,-32105199.999999966,-131685400.00000001,23027300.000000034,140763300.00000003,000977
20240522,,0.0,-27291100.0,0.0,6624800.000000032,-39090600.000000015,11018000.00000003,21448000.00000003,000977
20240523,,0.0,-385815899.99999994,0.0,-112634400.00000003,-261222600.00000003,52645400.00000001,321211599.99999994,000977
20240524,,0.0,-151847000.0,0.0,-76097500.0,-81700199.99999997,-73546100.0,231343700.00000003,000977
20240527,,0.0,-74644700.0,0.0,16916800.000000004,-96618699.99999999,-26483000.00000003,106184899.99999999,000977
20240528,,0.0,-516966000.0,0.0,-286654399.99999994,-394602700.00000006,79517100.00000006,601739900.0,000977
20240529,,0.0,-148707600.0,0.0,-75076199.99999996,-68085400.00000001,-112099.99999999127,143273600.0,000977
20240530,,0.0,-112661900.0,0.0,-74302000.0,-38791700.0,5262799.999999989,107830999.99999999,000977
20240531,,0.0,-22305300.000000004,0.0,-26175300.00000006,-26441899.999999985,14173499.999999985,38443700.00000003,000977
20240603,,0.0,59483900.0,0.0,76231800.0,-16589399.999999987,-19672500.0,-39969800.00000003,000977
20240604,,0.0,-134265600.0,0.0,-54556399.99999999,-19012600.00000002,14082399.99999998,59486500.000000015,000977
20240605,,0.0,-419534500.0,0.0,-182540300.0,-103454500.0,-27922899.999999937,313917700.00000006,000977
20240606,,0.0,255359199.99999997,0.0,131566300.00000004,200654500.00000003,-160333999.99999994,-171886800.0000001,000977
20240607,,0.0,-733456000.0,0.0,-176808600.0,-350407800.0,80089599.99999993,447126800.00000006,000977
20240611,,0.0,40121200.0,0.0,-29487700.00000004,9186299.999999993,-6152900.000000008,26454399.999999985,000977
20240612,,0.0,-37449800.0,0.0,10936100.000000006,-27013500.000000022,8729300.000000004,7348199.999999997,000977
20240613,,0.0,-12066099.999999998,0.0,-67760000.0,20706100.000000007,2546699.9999999823,44507299.99999996,000977
20240614,,0.0,347724700.0,0.0,77143200.0,105545899.99999997,-38761799.99999993,-143927300.00000003,000977
20240617,,0.0,-263058300.00000003,0.0,-117777500.0,-173790200.0,48700800.000000015,242866900.0,000977
20240618,,0.0,160733200.0,0.0,54942199.999999866,3786899.9999999506,21092200.00000001,-79821300.00000004,000977
20240619,,0.0,651347300.0,0.0,248655400.0000001,430261299.9999999,-335735199.9999999,-343181499.99999994,000977
20240620,,0.0,-637497000.0,0.0,-69258399.99999997,-213646200.00000003,-14905800.000000017,297810400.00000006,000977
20240621,,0.0,103390700.0,0.0,23102399.99999998,-7584900.000000016,15427399.99999998,-30945000.0,000977
20240624,,0.0,-369641100.0,0.0,-157918299.99999994,-262901599.99999997,15371499.999999942,405448500.00000006,000977
20240625,,0.0,-251012599.99999997,0.0,-68886599.99999996,-149115800.00000003,-32452299.99999996,250454800.00000012,000977
20240626,,0.0,237417500.0,0.0,61972299.99999996,102495599.99999997,-41369900.00000005,-123097999.99999996,000977
20240627,,0.0,-142708000.0,0.0,-71724500.00000004,-61372299.99999999,36498499.999999985,96598400.00000004,000977
20240628,,0.0,22245000.0,0.0,-57866800.0,28969599.999999993,26790499.999999955,2106699.9999999823,000977
20240701,,0.0,201496200.0,0.0,44729499.99999997,161464900.00000003,-72338999.99999994,-133855400.00000001,000977
20240702,,0.0,-213676800.0,0.0,-92459600.00000003,-68768599.99999999,38531600.00000004,122696500.00000001,000977
20240703,,0.0,26088200.0,0.0,69767099.99999999,-14471599.999999998,-25719199.99999998,-29576399.999999993,000977
20240704,,0.0,-211290800.00000003,0.0,-127476199.99999999,-108393400.0,26454199.99999998,209415400.00000006,000977
20240705,,0.0,465352400.0,0.0,171014399.99999988,91872700.00000004,-130787599.99999994,-132099400.00000003,000977
20240708,,0.0,-133922000.0,0.0,-1418099.9999999767,-35924200.00000002,-37531299.99999997,74873600.0,000977
20240709,,0.0,1240289300.0,0.0,339761700.0,448094200.0,-255227500.0,-532628500.00000006,000977
20240710,,0.0,-155828300.0,0.0,46909600.00000007,23081599.999999963,-116173699.99999996,46182299.99999996,000977
20240711,,0.0,-432471700.0,0.0,-171423500.00000006,-683985500.0,277965099.99999994,577443800.0,000977
20240712,,0.0,-558818300.0,0.0,-202000499.99999997,-475785000.0,138232500.0,539552800.0,000977
20240715,,0.0,-90576600.0,0.0,-75488600.0,-25652799.99999999,5172799.999999989,95968499.99999999,000977
20240716,,0.0,569389600.0,0.0,169803400.00000012,335390099.99999994,-189557700.00000003,-315635800.0,000977
20240717,,0.0,-478472600.0,0.0,-142910500.00000003,-280640100.0,67972300.0000001,355578100.0,000977
20240718,,0.0,-340537300.00000006,0.0,-163049999.99999994,-211771000.00000003,20079500.000000115,354741400.00000006,000977
20240719,,0.0,244606800.0,0.0,110951299.99999997,24295299.99999999,-66490899.99999996,-68755799.99999987,000977
20240722,,0.0,466314200.0,0.0,-56961699.999999985,137480400.0,-79937200.00000001,-581600.0000000349,000977
20240723,,0.0,-615102600.0,0.0,-176041800.0000001,-303436099.99999994,64434100.00000004,415043699.99999994,000977
20240724,,0.0,-200956500.0,0.0,-91582899.99999994,40092700.00000001,-7466399.999999994,58956600.00000004,000977
20240725,,0.0,-380114200.0,0.0,-108813200.0,-153597599.99999997,6270000.0,256140799.99999994,000977
20240726,,0.0,-39765400.0,0.0,-13056600.000000035,-25685400.000000007,-11995999.999999985,50738000.00000003,000977
20240729,,0.0,-144190300.0,0.0,-44602300.00000003,-67944199.99999999,19644699.999999974,92901799.99999997,000977
20240730,,0.0,-194365400.0,0.0,-98630500.0,-116013900.0,1767900.0000000088,212876400.0,000977
20240731,,0.0,178235800.00000003,0.0,54595599.99999998,93351199.99999999,-71980299.99999999,-75966499.99999994,000977
20240801,,0.0,-250535000.0,0.0,-36286500.000000015,-150362700.0,588400.0000000378,186060900.0,000977
20240802,,0.0,-484689700.0,0.0,-199020599.99999997,-232802100.0,78762200.00000001,353060399.99999994,000977
20240805,,0.0,-445248600.0,0.0,-157275100.00000003,-226676000.00000006,-20865900.000000037,404816900.0,000977
20240806,,0.0,-111689400.0,0.0,-29621499.999999978,-66275400.00000001,15167399.99999998,80729399.99999999,000977
20240807,,0.0,-284127900.0,0.0,-108527799.99999999,-198893900.0,42992600.00000002,264429099.99999997,000977
20240808,,0.0,-52489200.0,0.0,-100396800.0,-24437199.999999993,-8603300.000000017,133437200.00000001,000977
20240809,,0.0,-100524000.0,0.0,-31553800.00000001,-57167999.99999999,22927000.000000007,65794799.99999999,000977
20240812,,0.0,-92528700.00000001,0.0,-58478899.99999999,-54887000.0,3775499.9999999925,109590399.99999997,000977
20240813,,0.0,26708400.0,0.0,-62385299.999999985,-2500200.000000004,17002099.999999993,47883500.00000002,000977
20240814,,0.0,-110199400.0,0.0,-16450300.000000024,-57057199.99999999,21569700.00000001,51937799.999999985,000977
20240815,,0.0,105719400.0,0.0,-35227100.00000003,57693900.0,-14306300.00000001,-8160499.999999993,000977
20240816,,0.0,-98759599.99999999,0.0,-31207800.000000026,-26142500.000000007,-1453199.9999999972,58803499.999999985,000977
20240819,,0.0,43452100.0,0.0,2553199.999999997,10357399.999999998,-16532799.999999989,3622099.999999991,000977
20240820,,0.0,-155623700.0,0.0,-51949000.0,-59311300.0,-17267599.999999985,128527800.00000003,000977
20240821,,0.0,-85199900.0,0.0,-45232799.999999985,-4144399.999999996,-12683199.999999996,62060499.99999999,000977
20240822,,0.0,65320600.00000001,0.0,-39912699.99999997,-43794000.0,-27620000.0,111326799.99999997,000977
20240823,,0.0,54039200.0,0.0,-51539399.999999985,1204000.0000000054,-6112100.000000028,56447500.0,000977
20240826,,0.0,-85988000.0,0.0,-58158600.00000001,-34689400.00000001,26293800.00000001,66554199.999999985,000977
20240827,,0.0,-70974400.0,0.0,-28255300.000000026,-23870599.999999996,-33548300.00000002,85674400.00000003,000977
20240828,,0.0,14539600.0,0.0,-8162399.999999998,-7637500.0,4750099.999999984,11049799.999999996,000977
20240829,,0.0,20990000.0,0.0,-8863999.999999978,-14704899.999999998,2583400.0000000014,20985400.000000007,000977
20240830,,0.0,58704200.0,0.0,62899500.000000045,41438200.000000015,-9785699.999999996,-94551999.99999997,000977
20240902,,0.0,-279190600.0,0.0,-63729799.99999999,-35565400.0,-17340999.999999985,116636100.0,000977
20240903,,0.0,28231500.0,0.0,-12529099.999999998,15334600.0,-1232299.9999999956,-1573199.9999999972,000977
20240904,,0.0,-47408200.0,0.0,-29862300.000000015,-13756499.999999996,-198400.00000000146,43817200.000000015,000977
20240905,,0.0,36061100.0,0.0,-3100799.999999999,-1689899.999999998,-287000.0000000073,5077700.000000005,000977
20240906,,0.0,-135416600.0,0.0,-35198699.99999999,-48688400.0,557500.0,83329599.99999999,000977
20240909,,0.0,-21738400.0,0.0,-18276300.00000001,-18700300.000000004,-2162899.9999999907,39139500.00000001,000977
20240910,,0.0,110113400.0,0.0,-4698199.999999997,64066600.0,-14475000.0,-44893400.0,000977
20240911,,0.0,-45635300.0,0.0,-42556899.999999985,9064400.0,14508799.999999974,18983700.000000007,000977
20240912,,0.0,-96984100.0,0.0,-30007499.99999998,-17937900.0,10056499.999999978,37888800.00000001,000977
20240913,,0.0,-72416000.0,0.0,-25232299.999999996,-26489700.000000004,15448299.999999981,36273799.99999999,000977
20240918,,0.0,-40125300.0,0.0,7535999.999999985,-31351800.000000004,-2062499.9999999818,25878300.0,000977
20240919,,0.0,-13285100.0,0.0,13020600.000000013,15160100.000000002,-13001499.999999978,-15179199.999999983,000977
20240920,,0.0,194174400.0,0.0,4455099.999999948,100112000.0,-54336800.0,-50230299.999999985,000977
20240923,,0.0,-97155100.0,0.0,-16485799.999999981,-66694399.999999985,13225600.00000005,69954599.99999999,000977
20240924,,0.0,314431100.0,0.0,60947300.00000003,117223700.00000003,-64148899.99999999,-114022099.99999999,000977
20240925,,0.0,-362959800.00000006,0.0,-40889799.99999996,-74201599.99999996,-12416300.000000047,127507700.00000004,000977
20240926,,0.0,328799800.00000006,0.0,39209899.99999998,72037500.0,-44129000.000000015,-67118400.00000004,000977
20240927,,0.0,523922200.0,0.0,-13205200.000000041,605029400.0,-246755000.0,-345069200.0000001,000977
20240930,,0.0,444420700.0,0.0,-37234300.00000022,-381079900.0000002,191904700.0,226409499.99999997,000977
20241008,,0.0,-95843600.0,0.0,-125359600.00000021,-34156799.99999993,-48407200.000000015,207923500.00000006,000977
20241009,,0.0,-216092400.00000003,0.0,-173827099.9999999,-250041300.00000006,52716100.00000015,371152299.99999994,000977
20241010,,0.0,-382304600.0,0.0,-175488599.99999985,-158132399.9999999,20278599.99999986,313342400.00000006,000977
20241011,,0.0,-234014800.0,0.0,-213517400.00000006,-41423600.00000001,-72272799.99999999,327213899.99999994,000977
20241014,,0.0,25855400.0,0.0,4841200.000000099,4857799.999999989,-20588700.0000001,10889700.000000011,000977
20241015,,0.0,187982500.0,0.0,-195630300.0,177153100.00000012,-216423500.00000006,234900799.99999988,000977
20241016,,0.0,-324136400.0,0.0,-117965800.00000001,-138683000.00000003,89935399.99999994,166713300.00000003,000977
20241017,,0.0,226277400.00000003,0.0,110767299.99999996,-130526400.0,-5665200.000000186,25424299.99999993,000977
20241018,,0.0,769553600.0,0.0,165610199.99999988,130136000.00000006,-105734900.0000002,-190011199.99999994,000977
20241021,,0.0,-217127400.00000003,0.0,10733699.999999953,-260552899.99999994,141294500.00000012,108524600.00000006,000977
20241022,,0.0,-95502900.00000001,0.0,-92459399.99999988,-222425300.0,63727700.00000004,251156999.99999997,000977
20241023,,0.0,138125200.0,0.0,-59384100.00000004,193030100.0000001,-76731799.99999993,-56914199.999999985,000977
20241024,,0.0,-322495800.0,0.0,45871100.00000001,-169253800.00000006,-44440200.00000004,167822899.99999994,000977
20241025,,0.0,47934600.0,0.0,-41531999.99999997,160700.00000006985,-24323000.00000003,65694300.0,000977
20241028,,0.0,-34994400.0,0.0,3496699.9999999823,-28646199.999999955,32335799.999999873,-7186200.000000026,000977
20241029,,0.0,336189100.00000006,0.0,73565000.0,60264100.00000004,-42665000.0,-91164100.00000003,000977
20241030,,0.0,-261220200.0,0.0,49069000.00000009,5395800.000000018,-56030400.00000008,1565599.9999999767,000977
20241031,,0.0,474054700.0,0.0,73393599.99999987,219302500.0,-44635499.99999988,-248060499.99999988,000977
20241101,,0.0,-747068600.0,0.0,-64063799.999999754,-636563599.9999999,204722800.0,495904599.99999994,000977
20241104,,0.0,455602100.0,0.0,121734700.00000001,57410800.000000015,-144561200.00000024,-34584400.00000002,000977
20241105,,0.0,308272400.0,0.0,70345299.99999999,114254899.99999991,-60521600.00000004,-124078700.0000001,000977
20241106,,0.0,-739274100.0,0.0,-244361000.00000006,-391062500.0000001,212717399.9999999,422706100.0,000977
20241107,,0.0,130138500.0,0.0,-67015299.999999985,6745800.000000018,-120128999.99999994,180398500.00000006,000977
20241108,,0.0,-424412300.00000006,0.0,-420651799.99999994,1925821599.9999998,-986952399.9999999,-518217399.9999999,000977
20241111,,0.0,730653800.0,0.0,87907199.99999972,-1393768500.0000002,761850299.9999996,544010999.9999998,000977
20241112,,0.0,-505649900.0,0.0,-327143199.99999946,-13762200.000000011,-17729599.999999627,358635000.0,000977
20241113,,0.0,-16253300.0,0.0,44205599.99999998,-171314199.99999985,172847600.0000001,-45739000.00000023,000977
20241114,,0.0,-960829600.0000001,0.0,-508759700.0,-734883100.0,336838099.9999997,906804600.0000001,000977
20241115,,0.0,-514120400.0,0.0,-257363000.00000018,-435673799.9999999,90603299.99999987,602433599.9999999,000977
20241118,,0.0,-378844600.0,0.0,-17859400.000000022,-364351199.99999994,108637299.99999982,273573400.0000001,000977
20241119,,0.0,-154052500.0,0.0,-115373500.00000006,-61519299.99999993,99207799.99999999,77685000.0,000977
20241120,,0.0,-260450400.0,0.0,-110049100.00000003,-143100900.00000012,208589100.00000018,44560999.99999991,000977
20241121,,0.0,-6092400.0,0.0,73790999.99999991,-214306699.99999997,120723300.00000001,19792399.999999907,000977
20241122,,0.0,-191915900.0,0.0,-132278300.00000016,-82123200.00000007,10470299.999999989,203931100.0,000977
20241125,,0.0,-118977400.0,0.0,-20907799.99999999,-355502200.0,13521600.000000035,362888400.0000001,000977
20241126,,0.0,-110940100.0,0.0,-29308799.9999999,-204427700.00000003,27436199.999999955,206300300.0,000977
20241127,,0.0,71377800.0,0.0,-39320999.99999991,160190600.00000006,-39501600.00000004,-81368000.00000003,000977
20241128,,0.0,-148808900.0,0.0,73366900.00000003,86546899.99999988,-23514599.999999918,-136399299.99999994,000977
20241129,,0.0,25554100.0,0.0,96471300.00000004,-104547600.00000009,-47508300.000000015,55584599.99999992,000977
20241202,,0.0,-332468800.0,0.0,53802400.00000005,-173232500.0,42586699.999999985,76843499.99999999,000977
20241203,,0.0,-563925400.0,0.0,-272855700.00000006,-328193499.99999994,182735800.00000003,418313399.99999994,000977
20241204,,0.0,-242441800.0,0.0,-163717300.00000003,-115931200.00000003,39995499.99999988,239652900.0,000977
20241205,,0.0,-42666500.0,0.0,15428700.000000026,-47275100.00000002,12231200.000000026,19615100.00000002,000977
20241206,,0.0,376521100.0,0.0,82153000.00000003,145738100.00000006,-128747200.00000001,-99143800.00000004,000977
20241209,,0.0,-461816700.0,0.0,-87175399.99999994,-214757800.0,90667399.99999991,211265600.00000006,000977
20241210,,0.0,-15502900.0,0.0,-36363099.99999998,-74674899.99999999,9861000.000000058,101177099.99999999,000977
20241211,,0.0,-101372099.99999999,0.0,-13557600.00000002,-72125500.0,-2878399.999999965,88561400.0,000977
20241212,,0.0,-107387200.0,0.0,-36895500.00000003,-96642799.99999999,22853700.0000001,110684800.00000003,000977
20241213,,0.0,-321499200.0,0.0,-133381699.99999999,-247265600.00000006,50495099.99999995,330152299.99999994,000977
20241216,,0.0,-52433000.0,0.0,-57516199.999999955,-135893000.0,39033799.99999997,154375499.99999997,000977
20241217,,0.0,9580100.0,0.0,15722799.999999989,44187900.00000001,-64034299.99999993,4123700.000000026,000977
20241218,,0.0,169621500.0,0.0,59457699.999999896,32704499.99999997,-53335200.00000004,-38826999.99999997,000977
20241219,,0.0,1108525100.0,0.0,-303193999.99999964,2347966700.0,-1211084699.9999998,-833687999.9999999,000977
20241220,,0.0,257076800.0,0.0,-118206500.00000024,-732668500.0,400358100.0,450516900.0,000977
20241223,,0.0,-321997900.0,0.0,-50768300.000000164,-338281499.99999994,-21924300.00000022,410974100.00000006,000977
20241224,,0.0,585290300.0,0.0,304828299.9999999,324360800.0000002,-137833900.00000015,-491355300.0,000977
20241225,,0.0,-418482600.0,0.0,45035199.999999896,-308562899.99999976,84476600.00000003,179051099.99999985,000977
20241226,,0.0,554033000.0,0.0,16348899.99999985,155680599.99999997,-115938099.99999997,-56091399.99999985,000977
20241227,,0.0,-257247200.0,0.0,-178373900.00000015,-538326200.0,122311000.00000006,594389000.0,000977
20241230,,0.0,-250957000.0,0.0,17735100.000000093,-308734900.00000006,41963299.99999987,249036499.99999994,000977
20241231,,0.0,26397300.0,0.0,-49951799.99999993,-279812099.99999994,55362200.000000015,274401700.0000001,000977
20250102,,0.0,-160137400.0,0.0,-44538600.00000015,-630332800.0000001,129859300.00000022,545012099.9999999,000977
20250103,,0.0,-232983000.0,0.0,-9143500.000000058,-290915400.0,22992399.999999907,277066499.99999994,000977
20250106,,0.0,-441275300.0,0.0,-23357200.00000001,10598099.999999978,77181600.00000003,-64422399.99999991,000977
20250107,,0.0,477963700.0,0.0,46833200.00000007,143906699.99999997,-24855000.0,-165884899.9999999,000977
20250108,,0.0,-342328000.0,0.0,16100499.999999885,-188269300.0,22899799.999999814,149269100.00000003,000977
20250109,,0.0,268524300.0,0.0,-8946699.999999983,155560899.99999997,-86364599.99999993,-60249700.000000015,000977
20250110,,0.0,-542524100.0,0.0,-164692300.00000012,-155628000.00000003,57982699.999999896,262337500.0,000977
20250113,,0.0,-214241400.0,0.0,1743400.0000000377,-40219300.00000004,-27066199.999999955,65542099.99999999,000977
20250114,,0.0,827984200.0,0.0,95258799.99999976,516790000.0,-261668399.99999997,-350380299.9999998,000977
20250115,,0.0,195940099.99999997,0.0,-54810800.000000164,-24095299.99999999,-13094100.000000035,92000200.00000004,000977
20250116,,0.0,-640723400.0,0.0,-109274000.00000009,-350865200.00000006,164870000.0,295269300.00000006,000977
20250117,,0.0,-187277900.0,0.0,13107200.000000011,34990100.00000002,-23418899.999999993,-24678399.999999966,000977
20250120,,0.0,-64420200.00000001,0.0,11697300.000000104,-74954200.00000006,39126600.00000004,24130200.00000004,000977
20250121,,0.0,448943600.0,0.0,-16453399.999999965,501700100.0000001,-332609700.0,-152637099.9999999,000977
20250122,,0.0,208029900.00000003,0.0,124104099.99999975,142219400.00000003,-141571900.00000003,-124751699.99999999,000977
20250123,,0.0,-374942100.0,0.0,-141480000.0,-398888799.9999999,154261200.00000024,386107600.0000001,000977
20250124,,0.0,507231400.0,0.0,-38434900.00000005,337699100.00000006,-149062500.0,-150201699.99999997,000977
20250127,,0.0,-806457100.0000001,0.0,90006300.00000004,-1239165900.0,642014400.0,507145300.0,000977
20250205,,0.0,492395100.0,0.0,-109983899.99999985,-26807200.00000001,-35552599.99999951,172343799.99999976,000977
20250206,,0.0,-290054500.0,0.0,-81657200.00000001,-93176300.00000004,114764900.0000002,60068699.999999955,000977
20250207,,0.0,-792620200.0,0.0,-617531799.9999999,1976756200.0,-982716400.0000001,-376507900.00000006,000977
20250210,,0.0,-403800800.0,0.0,161657700.00000018,-1668263500.0000002,801500100.0000001,705105700.0000001,000977
20250211,,0.0,243155200.0,0.0,-55721300.000000045,440853299.9999999,-286476699.9999998,-98655099.9999998,000977
20250212,,0.0,-402981800.0,0.0,-280352300.0000004,-155651900.00000003,141226599.99999973,294777599.9999998,000977
20250213,,0.0,-841229299.9999999,0.0,-259988299.99999988,-548033499.9999998,140215900.00000027,667805900.0,000977
20250214,,0.0,1069923900.0,0.0,-9747700.000000186,646044000.0,-226766400.00000015,-409530000.0,000977
20250217,,0.0,200548600.0,0.0,-331400499.9999999,196356800.0000005,-29729600.00000021,164773399.99999997,000977
20250218,,0.0,-1910797700.0,0.0,-442577799.9999997,-1069922999.9999999,427887799.9999997,1084613000.0000002,000977
20250219,,0.0,14311300.000000002,0.0,-127435199.9999999,-165143099.99999997,178777100.0000002,113801199.99999996,000977
20250220,,0.0,-794854200.0,0.0,-264152300.00000012,-433543100.0000001,166531400.00000015,531164000.00000006,000977
20250221,,0.0,1628108500.0,0.0,165073800.00000006,592857500.0,-276952799.9999997,-480978500.00000006,000977
20250224,,0.0,-506039000.0,0.0,-89394399.99999973,-740828800.0,271839100.00000006,558384199.9999999,000977
20250225,,0.0,-954680900.0,0.0,-289642800.0,-219173200.00000006,-19167699.999999896,527983800.00000006,000977
20250226,,0.0,23418100.0,0.0,-141137300.00000012,-59326700.00000013,-121199.99999995343,200585099.9999998,000977
20250227,,0.0,-1266094500.0,0.0,-260774899.9999999,-563189399.9999999,20237400.000000197,803726900.0,000977
20250228,,0.0,-701986500.0,0.0,-323504899.9999999,-285145099.99999994,17483400.000000257,591166700.0000001,000977
20250303,,0.0,-204594000.0,0.0,-187006900.00000003,-93921900.00000003,41099700.000000015,239829100.00000003,000977
20250304,,0.0,-119814000.0,0.0,70977200.00000001,44619400.00000002,-9237799.999999989,-106358900.0,000977
20250305,,0.0,-132269100.0,0.0,-44971499.99999994,-61642100.00000007,164955499.99999988,-58341800.000000075,000977
20250306,,0.0,34244000.0,0.0,38005800.000000164,61168000.00000003,-7871800.000000222,-91302100.00000006,000977
20250307,,0.0,-746996799.9999999,0.0,-285482300.0000001,-306763100.0,117052200.00000001,475193300.0,000977
20250310,,0.0,-226685099.99999997,0.0,-94130400.00000007,-125808300.00000001,14237199.999999866,205701600.00000003,000977
20250311,,0.0,-30802900.0,0.0,-53325100.00000009,-293564099.99999994,114763600.0,232125599.99999997,000977
20250312,,0.0,-84543500.0,0.0,24631000.00000006,-10189900.000000052,94510700.00000007,-108951900.00000003,000977
20250313,,0.0,-524236700.0,0.0,-150773399.99999997,-219773500.00000006,52081300.000000045,318465600.00000006,000977
20250314,,0.0,268301800.0,0.0,95341799.99999993,106506599.99999996,-105706400.0,-96141999.99999997,000977
20250317,,0.0,-181553400.0,0.0,-15185099.999999948,-94954399.99999996,59866900.00000002,50272500.0,000977
20250318,,0.0,-48797500.0,0.0,-16198500.000000058,-64799000.000000015,38806799.99999993,42190699.999999925,000977
20250319,,0.0,-333216400.0,0.0,-102301199.99999996,-165594600.00000003,60335499.999999955,207560200.00000003,000977
20250320,,0.0,-233933600.0,0.0,-8266399.999999994,-143230900.0,-16272399.999999907,167769700.0,000977
20250321,,0.0,-385344100.00000006,0.0,-170175199.99999997,-202440400.0,22502599.999999948,350113000.0,000977
20250324,,0.0,48110100.0,0.0,-7631900.000000023,-10637000.000000043,-9078099.999999978,27346999.99999997,000977
20250325,,0.0,-372397200.0,0.0,-115309399.99999996,-195030800.00000003,97131699.99999999,213208400.00000003,000977
20250326,,0.0,24689400.0,0.0,-168540300.0,-441105900.00000006,139345500.00000003,470300600.0,000977
20250327,,0.0,-20963900.0,0.0,-119843499.99999999,-133012200.00000001,3300399.9999999357,249555200.00000003,000977
20250328,,0.0,-87141600.0,0.0,31581899.99999995,-4183799.999999974,-17504100.000000034,-9894000.000000015,000977
20250331,,0.0,134094200.0,0.0,-35898500.00000006,-158780100.00000003,434199.99999998254,194244400.00000003,000977
20250401,,0.0,-199389600.0,0.0,-79412900.00000001,-94550200.0,81609400.00000003,92353700.00000003,000977
20250402,,0.0,-64009200.0,0.0,11014600.000000028,-73071999.99999999,44387200.000000015,17670100.00000002,000977
20250403,,0.0,-205508900.0,0.0,-48093099.99999998,-100682400.00000001,3185199.999999968,145590400.0,000977
20250407,,0.0,47410700.0,0.0,-133166599.99999996,-266974199.99999997,123090900.00000004,277050000.0,000977
20250408,,0.0,-33124200.0,0.0,-201086600.00000003,-273829700.0,45814800.000000104,429101500.00000006,000977
20250409,,0.0,7250000.0,0.0,-64559399.99999988,-56222999.999999955,-5703800.000000047,126486199.99999996,000977
20250410,,0.0,6262000.0,0.0,20227200.00000001,24580299.99999999,-5390299.999999989,-39417299.99999996,000977
20250411,,0.0,70423600.0,0.0,3965800.0000000177,-45352400.000000015,-24895100.000000093,66281800.000000075,000977
20250414,,0.0,-273329300.0,0.0,7109900.000000052,-60287900.00000001,36738800.000000045,16439199.999999983,000977
20250415,,0.0,-816900.0,0.0,18549799.99999996,10394699.999999993,-9427700.000000041,-19516800.000000004,000977
20250416,,0.0,-246243400.0,0.0,-67954300.0,-199042300.00000003,17577200.00000001,249419400.00000003,000977
20250417,,0.0,16101800.0,0.0,-18913000.00000003,7104099.999999998,-42712900.00000001,54521699.999999985,000977
20250418,,0.0,-4223100.0,0.0,-15525200.000000004,-23219400.000000004,-5890400.000000008,44635000.0,000977
20250421,,0.0,269903100.0,0.0,93632700.00000004,136092700.0,-62810899.99999996,-166914400.00000003,000977
20250422,,0.0,-305492400.0,0.0,-42237200.000000015,-35095999.999999985,72144500.00000004,5188600.000000006,000977
20250423,,0.0,-14465700.0,0.0,79621199.99999996,-16106800.000000004,16521399.999999994,-80035700.0,000977
20250424,,0.0,-227749600.0,0.0,-85315299.99999999,-87406400.0,95103300.00000001,77618400.00000004,000977
20250425,,0.0,105617300.0,0.0,79278000.00000003,11304099.999999998,-50590700.0,-39991399.99999999,000977
20250428,,0.0,-161719800.0,0.0,29475299.99999999,-81482200.0,37222699.99999997,14784300.000000004,000977
20250429,,0.0,133723799.99999999,0.0,80150199.99999997,70518400.00000001,-74689899.99999999,-75978799.99999997,000977
20250430,,0.0,291311300.0,0.0,52973799.9999999,137528799.99999997,-13979599.999999918,-176523000.00000003,000977
20250506,,0.0,-50072600.0,0.0,-16260800.000000017,-22631499.99999994,109485999.99999991,-70593600.0,000977
20250507,,0.0,-538497700.0,0.0,-102787800.00000013,-73161599.99999996,87068099.99999997,88881200.0000001,000977
20250508,,0.0,36470900.0,0.0,6047200.000000011,87383900.00000003,-39045199.999999896,-54385900.00000004,000977
20250509,,0.0,-192630400.0,0.0,-92899300.0,-94005700.0,13271899.99999995,173633099.99999997,000977
20250512,,0.0,-10059800.0,0.0,-865899.9999999651,-12440799.999999981,25320800.00000002,-12014200.000000056,000977
20250513,,0.0,-236928100.0,0.0,-31872799.99999999,-153227600.00000003,79000200.00000004,106100199.99999997,000977
20250514,,0.0,110749400.0,0.0,110514799.99999996,24777500.0,-77906500.00000001,-57385700.0,000977
20250515,,0.0,-367238600.0,0.0,-131562700.00000004,-253748999.99999997,95963799.99999997,289347900.0,000977
20250516,,0.0,-21883000.0,0.0,-17303600.000000007,-35191200.00000001,-27888100.00000005,80383000.0,000977
20250519,,0.0,19632200.0,0.0,-68704300.0,-10483400.000000002,35875599.99999998,43312000.00000001,000977
20250520,,0.0,-57530000.0,0.0,-17262999.999999993,14055299.999999989,12439199.999999983,-9231599.999999998,000977
20250521,,0.0,-94212099.99999999,0.0,-49124199.999999985,-22440500.00000001,-7993899.999999994,79558500.00000001,000977
20250522,,0.0,-155966000.0,0.0,-49407999.99999999,-118211600.0,9312899.999999937,158306600.00000003,000977
20250523,,0.0,-110984100.0,0.0,-62976800.0,-72916800.0,32487799.99999999,103405699.99999996,000977
20250526,,0.0,22331200.0,0.0,-1483600.0000000058,68572199.99999997,-46705199.999999896,-20383399.999999966,000977
20250527,,0.0,-342563800.0,0.0,-83323800.00000001,-128230900.0,78550299.99999999,133004399.99999996,000977
20250528,,0.0,-65736100.0,0.0,-54177900.00000001,-25721700.0,-16792000.000000007,96691500.00000001,000977
20250529,,0.0,417072500.0,0.0,55527100.00000007,42825399.99999997,-66694300.0,-31658400.000000037,000977
20250530,,0.0,-362384500.0,0.0,-83621400.00000003,-33383400.00000002,74760900.00000004,42243800.00000001,000977
20250603,,0.0,-17770400.0,0.0,-37970300.00000002,-15394799.999999996,3873500.000000022,49491500.000000015,000977
20250604,,0.0,309053500.0,0.0,18172399.99999998,89185600.00000001,-27338999.99999994,-80019000.00000001,000977
20250605,,0.0,499147500.0,0.0,29351699.99999998,132875000.0,2400400.0000000815,-164627300.00000003,000977
20250606,,0.0,141745400.0,0.0,19665400.000000007,6334399.999999951,-33363300.00000002,7363499.999999985,000977
20250609,,0.0,-62252700.00000001,0.0,15325300.000000061,62136500.000000015,-16283899.999999994,-61177900.00000001,000977
20250610,,0.0,-609590000.0,0.0,-194043000.00000003,-355189800.00000006,185543399.99999997,363689500.00000006,000977
20250611,,0.0,-297305300.0,0.0,-119278499.99999999,-79264700.00000001,42641100.00000001,155902100.0,000977
20250612,,0.0,-134639400.0,0.0,-34155400.00000001,-74414500.0,4791600.000000035,103778300.00000001,000977
20250613,,0.0,-323996500.0,0.0,-31785100.00000002,-118538500.00000001,21262399.99999998,129061200.00000003,000977
20250616,,0.0,59079700.0,0.0,-23819500.000000045,105492099.99999999,-87357900.00000001,5685200.000000005,000977
20250617,,0.0,-325044300.0,0.0,-9244200.000000019,-69921100.0,5596300.000000047,73568999.99999999,000977
20250618,,0.0,38324600.0,0.0,39431600.0,-44958200.000000015,-4897099.999999992,10423800.00000001,000977
20250619,,0.0,-228916699.99999997,0.0,-41131700.00000002,-86247300.00000001,49321399.99999999,78057599.99999999,000977
20250620,,0.0,-133080200.0,0.0,-51096199.99999999,-49233500.0,8124599.999999992,92205300.00000003,000977
20250623,,0.0,53854100.0,0.0,5383000.000000029,15774499.999999989,-18587200.00000001,-2570199.999999968,000977
20250624,,0.0,272920300.0,0.0,43278600.00000001,88934399.99999999,-40425000.0,-91788000.00000003,000977
20250625,,0.0,302191800.0,0.0,55358000.00000003,116751300.00000001,-86326300.00000004,-85783099.99999997,000977
20250626,,0.0,25179899.999999996,0.0,-92420799.99999994,-26892799.99999999,-56851199.999999955,176164899.99999997,000977
20250627,,0.0,46742000.0,0.0,-39492300.00000003,-113044299.99999997,-22644400.000000022,175180800.00000003,000977
20250630,,0.0,20547500.0,0.0,-100215400.00000001,-30185100.00000002,28400499.999999955,101999900.00000001,000977
20250701,,0.0,-102577700.0,0.0,-59938799.99999997,-51397500.0,48549199.999999985,62787200.000000015,000977
20250702,,0.0,-224314400.0,0.0,-97472100.00000003,-174128799.99999997,46203799.99999997,225397000.0,000977
20250703,,0.0,426299500.0,0.0,136977000.00000003,234536200.0,-155030599.99999997,-216482800.0,000977
20250704,,0.0,-181429500.0,0.0,33207900.000000007,-176848100.0,58434800.00000003,85205300.00000006,000977
20250707,,0.0,-177319100.0,0.0,-26953799.999999974,-96307300.0,58859100.0,64402099.99999999,000977
20250708,,0.0,1057176500.0,0.0,64510399.99999993,421203500.0,-299790800.0000002,-185923100.00000012,000977
20250709,,0.0,-305749900.0,0.0,-55205700.0,-148161499.99999997,25820699.999999996,177546400.00000006,000977
20250710,,0.0,-247161300.0,0.0,-25354099.999999963,124773199.99999996,10002699.999999896,-109421800.0,000977
20250711,,0.0,296199700.0,0.0,96846300.00000004,175572000.00000003,-90333700.0000001,-182084600.0,000977
20250714,,0.0,-419270899.99999994,0.0,41658799.99999997,-122021799.99999997,83732300.0000001,-3369399.9999999506,000977
20250715,,0.0,1745041300.0,0.0,150775599.99999997,536050799.9999999,-263669500.00000012,-423156900.0,000977
20250716,,0.0,-408390400.0,0.0,-105515900.0000001,-335915899.99999994,81386499.99999994,360045399.99999994,000977
20250717,,0.0,-104644200.0,0.0,-12015299.999999989,33559400.00000002,54052299.99999996,-75596400.0,000977
20250718,,0.0,-441870700.0,0.0,-102991699.99999999,-49020599.99999998,62586399.99999999,89425999.99999991,000977
20250721,,0.0,-360174900.0,0.0,-167941800.0,-225079300.0,142903600.0,250117500.0,000977
20250722,,0.0,-392752500.0,0.0,-115873399.99999997,-162114600.0,111193600.0,166794500.00000003,000977
20250723,,0.0,-326848700.0,0.0,-24090699.999999996,-58639900.000000015,-22716799.99999993,105447299.99999996,000977
20250724,,0.0,72041400.0,0.0,59059299.99999993,-49560499.99999999,10299700.000000011,-19798600.000000007,000977
20250725,,0.0,-97234900.0,0.0,33413199.999999925,-1960800.0000000175,49419100.00000004,-80871500.00000001,000977
20250728,,0.0,-350190800.0,0.0,-50756899.99999995,-232511600.00000003,192523399.99999997,90745200.00000004,000977
20250729,,0.0,183304500.0,0.0,-26273200.00000007,134177099.99999999,-31077200.00000001,-76826800.0,000977
20250730,,0.0,-148556700.0,0.0,-6610400.000000082,36191500.000000015,2642300.000000105,-32223399.999999966,000977
20250731,,0.0,493445199.99999994,0.0,131395599.99999997,387822200.0000002,-285054700.0,-234163099.99999997,000977
20250801,,0.0,-582460300.0,0.0,-234673699.99999994,-428985099.99999994,200280699.9999999,463377999.99999994,000977
20250804,,0.0,-95928000.0,0.0,-46853899.99999999,-122497300.0,-46184700.000000015,215535900.00000003,000977
20250805,,0.0,222650300.0,0.0,112869300.00000007,113309699.99999994,-139805599.99999997,-86373399.99999997,000977
20250806,,0.0,-52323800.0,0.0,-11910699.999999924,-87351200.00000003,16709799.999999959,82552200.00000001,000977
20250807,,0.0,-497383200.0,0.0,-112689099.99999996,-129753799.99999997,56147200.000000015,186295700.00000006,000977
20250808,,0.0,-376743700.0,0.0,-123709300.0,-335282000.0,152934900.00000006,306056400.0,000977
20250811,,0.0,161824800.0,0.0,65877300.00000003,-30239400.000000022,-56206399.99999999,20568600.000000007,000977
20250812,,0.0,1230792400.0,0.0,181305000.0,492268999.99999994,-301399500.0000001,-372174399.9999999,000977
20250813,,0.0,696356700.0,0.0,-185802699.99999988,460635000.0000001,-310831000.00000006,35998699.999999955,000977
20250814,,0.0,72617700.0,0.0,174711499.99999994,-88464599.99999993,-17787200.00000001,-68459500.00000012,000977
20250815,,0.0,-338408000.0,0.0,-48116500.00000023,-458877299.99999994,227984899.9999999,279008900.0,000977
20250818,,0.0,484217900.0,0.0,72932200.00000001,240858000.00000018,-83903799.99999976,-229886500.0000001,000977
20250819,,0.0,-935850200.0,0.0,-307248000.0,-371940800.0,222125499.99999988,457063199.99999994,000977
20250820,,0.0,641722300.0,0.0,-518287600.0000001,2654600700.0,-1232341200.0,-903971900.0000001,000977
20250821,,0.0,-664345500.0,0.0,-276373399.9999997,-1261604300.0,452916599.99999976,1085061100.0000002,000977
20250822,,0.0,424727000.0,0.0,505198599.9999999,-193244299.99999994,-41280100.00000009,-270674099.99999976,000977
20250825,,0.0,-649978100.0,0.0,-286300199.9999996,-710223800.0000004,334858999.99999964,661664999.9999998,000977
20250826,,0.0,-267119400.0,0.0,-306833899.9999998,-334172800.0,-24270800.000000164,665277399.9999999,000977
20250827,,0.0,-747578400.0,0.0,-130950300.00000028,-1001449999.9999998,389514899.9999999,742885399.9999998,000977
20250828,,0.0,666575500.0,0.0,27013099.999999978,-28136599.999999743,68658200.00000007,-67534599.99999993,000977
20250829,,0.0,-35114700.0,0.0,-165233199.9999998,-304557000.0,136065000.0,333725000.0,000977
20250901,,0.0,923530399.9999999,0.0,139994899.9999999,6231600.000000035,-1610900.000000256,-144615499.99999988,000977
20250902,,0.0,-1657334100.0,0.0,-442228599.9999999,-1172122100.0000002,356954700.0000003,1257395799.9999998,000977
20250903,,0.0,-253357800.0,0.0,74968499.99999976,-282861700.0000001,3674299.99999993,204218799.9999999,000977
20250904,,0.0,-276100200.0,0.0,-145658199.9999998,-435680600.0,44480599.99999998,536858299.9999999,000977
20250905,,0.0,-270502500.0,0.0,-2910999.9999999125,54839799.99999996,-2745400.0000000815,-49183399.99999996,000977
20250908,,0.0,-320089900.0,0.0,-45872200.000000015,-172426299.99999997,45279000.00000009,173019499.99999997,000977
20250909,,0.0,-318055400.0,0.0,-77811100.0,-224412599.99999997,61386499.99999994,240837200.0,000977
20250910,,0.0,224200900.0,0.0,144849899.9999999,320020800.0,-10713500.000000058,-454157299.99999994,000977
20250911,,0.0,927792200.0,0.0,144441600.00000003,475967199.9999999,-142409400.00000003,-477999400.0,000977
20250912,,0.0,244915500.0,0.0,-96658899.99999985,-273636700.0,31298699.999999955,338996800.00000006,000977
20250915,,0.0,-90314100.0,0.0,-99910400.00000007,-205596499.99999994,167575899.99999997,137930899.99999997,000977
20250916,,0.0,551358200.0,0.0,178242600.0000001,139666500.0000001,-87588999.99999994,-230320099.9999998,000977
20250917,,0.0,-233474100.0,0.0,-145293999.99999994,-214299199.99999997,26410299.99999999,333182800.0,000977
20250918,,0.0,526780500.0,0.0,-35745199.999999896,10793999.999999942,18958699.999999955,5992500.0,000977
20250919,,0.0,-323647500.0,0.0,-144851100.00000015,-405906400.0,168482500.0,382274899.9999999,000977
20250922,,0.0,560314600.0,0.0,115050899.99999997,141814199.99999997,-93620599.99999997,-163244700.00000015,000977
20250923,,0.0,-314681600.0,0.0,121217799.99999999,-148150500.00000003,98417000.00000012,-71484299.99999993,000977
20250924,,0.0,1304337400.0,0.0,121313600.00000015,862457299.9999998,-435649700.0,-548121000.0,000977
20250925,,0.0,187219400.0,0.0,-639447599.9999998,2416243600.0,-1026563100.0,-750232900.0000001,000977
20250926,,0.0,-807439800.0,0.0,-99449399.99999943,-1681983599.9999998,552510100.0000001,1228923100.0000002,000977
20250929,,0.0,-199244300.0,0.0,-122377600.00000009,27259299.99999993,-70763999.99999994,165882400.0000002,000977
20250930,,0.0,25867800.000000004,0.0,-14323200.00000007,111169599.99999993,33658800.000000045,-130505100.00000009,000977
20251009,,0.0,908231400.0,0.0,-9211499.99999965,-461789399.99999976,37819700.000000305,433181199.99999994,000977
20251010,,0.0,-1430025700.0,0.0,-334159099.99999976,-833117400.0000002,-44405499.99999988,1211682000.0,000977
20251013,,0.0,-30912100.0,0.0,98253999.99999994,-148497500.0,-28533000.000000175,78776499.99999994,000977
20251014,,0.0,-973440000.0,0.0,-127501900.00000003,-387173399.99999994,33840499.99999988,480834800.0000001,000977
20251015,,0.0,65519900.0,0.0,-64712899.99999993,23247200.00000001,4612899.999999936,36852700.00000004,000977
20251016,,0.0,-188823400.0,0.0,-224204600.00000006,55828399.99999996,47696600.00000004,120679599.99999993,000977
20251017,,0.0,-529879700.0,0.0,-109974900.00000006,-412861700.0,113481600.00000003,409355099.99999994,000977
20251020,,0.0,-107972300.0,0.0,132447799.99999999,-55951299.99999997,-61055800.000000015,-15440600.000000123,000977
20251021,,0.0,282516800.0,0.0,162305099.99999994,295714800.0000001,-12214299.99999993,-445805499.9999999,000977
20251022,,0.0,-232069199.99999997,0.0,-32057200.00000001,-130649799.99999996,88864700.00000001,73842199.99999994,000977
20251023,,0.0,-499788500.0,0.0,-86683900.0,-196034800.00000003,50567400.00000005,232151400.0,000977
20251024,,0.0,449215300.0,0.0,120088099.99999997,241610600.00000006,-64821199.999999955,-296877599.99999994,000977
20251027,,0.0,-225818200.0,0.0,149945000.0,-99243399.99999997,29327200.00000001,-80028900.0,000977
20251028,,0.0,-129701000.0,0.0,-87699100.00000018,-53990400.00000008,9521000.000000058,132168600.0,000977
20251029,,0.0,644755700.0,0.0,31936100.000000153,406024100.00000006,-136363800.00000006,-301596499.99999994,000977
20251030,,0.0,-783902800.0,0.0,-125197099.99999993,-329915300.0000001,133163500.00000006,321948900.0,000977
20251031,,0.0,-890414600.0000001,0.0,-326375699.99999976,-1422881500.0000002,684358200.0000001,1064898900.0000001,000977
20251103,,0.0,-295678000.0,0.0,-172530999.9999999,-420837100.00000006,157536900.00000003,435831100.0,000977
20251104,,0.0,-498709700.0,0.0,-268829300.0,-299749400.0,152737500.0,415841199.99999994,000977
20251105,,0.0,88227000.0,0.0,-99248100.00000012,-49746099.99999993,58622899.99999993,90371400.0,000977
20251106,,0.0,-8075900.0,0.0,54651799.99999993,11779500.000000043,-1765500.000000029,-64665899.99999996,000977
20251107,,0.0,-224031800.0,0.0,-116232200.00000001,-218021300.0,79676699.99999999,254576800.0,000977
20251110,,0.0,-89261500.0,0.0,-162562299.99999997,-247069100.00000003,144283200.00000006,265348200.00000006,000977
20251111,,0.0,-497764700.0,0.0,-143201900.00000003,-357479700.0,151709899.9999999,348971800.00000006,000977
20251112,,0.0,-18978300.0,0.0,-37777199.99999994,-98871100.0,35633000.00000003,101015299.99999999,000977
20251113,,0.0,-59792700.00000001,0.0,53072399.99999998,-16495000.0,282900.00000000873,-36860299.999999985,000977
20251114,,0.0,-366697500.0,0.0,-111245400.00000001,-204207000.00000003,63852500.0,251599899.99999997,000977
20251117,,0.0,64046899.99999999,0.0,27943000.00000003,-37001999.99999997,-4811800.000000003,13870899.999999965,000977
20251118,,0.0,81080700.0,0.0,57469199.999999985,79776699.99999999,-70576799.99999993,-66669200.00000005,000977
20251119,,0.0,-233252900.0,0.0,-71015299.99999999,-26875499.999999993,32761499.99999994,65129099.99999996,000977
20251120,,0.0,-107977400.0,0.0,1122399.9999999795,36361700.00000002,-31530799.999999944,-5953399.999999965,000977
20251121,,0.0,-322403600.0,0.0,-144160700.0,-314915300.0,62947500.0,396128399.99999994,000977
20251124,,0.0,231911600.0,0.0,45160700.0,81481600.0,-83387900.00000007,-43254400.00000002,000977
20251125,,0.0,-30113800.0,0.0,-54293200.0,105981199.99999999,-19476000.00000006,-32211999.99999997,000977
20251126,,0.0,1212481300.0,0.0,251201999.99999982,876517199.9999999,-490863100.0,-636856100.0000001,000977
20251127,,0.0,-440128500.0,0.0,-189042000.00000012,-425499899.9999999,149753199.9999999,464788699.99999994,000977
20251128,,0.0,-215300800.00000003,0.0,-19633099.999999978,-183299500.0,43252599.99999995,159680000.0,000977
20251201,,0.0,-78623600.0,0.0,72617999.99999996,-53550000.00000004,82379600.00000006,-101447599.99999994,000977
20251202,,0.0,-416428300.0,0.0,-48478799.99999997,-252120200.0,92589300.0,208009700.0,000977
20251203,,0.0,-170113300.00000003,0.0,-92066500.00000001,-83282500.00000001,6379000.000000015,168969900.00000003,000977
20251204,,0.0,175262599.99999997,0.0,61413100.00000005,8252700.000000005,20286999.99999997,-89952799.99999999,000977
20251205,,0.0,-56018800.0,0.0,20228199.999999996,-14110100.00000002,-37730800.000000015,31612600.00000002,000977
20251208,,0.0,402640800.0,0.0,138081300.00000006,152175500.00000003,-127764799.99999996,-162491999.99999997,000977
20251209,,0.0,284740300.0,0.0,-175075000.0,331449100.00000006,-264964800.00000012,108590799.99999987,000977
20251210,,0.0,-509368000.0,0.0,-20091299.9999999,-277281700.0,134520000.0,162853000.00000003,000977
20251211,,0.0,-640837200.0,0.0,-198839399.99999994,-216588000.00000003,157480100.0000001,257947200.0,000977
20251212,,0.0,429775000.0,0.0,-43566399.99999999,69883200.0,-201082700.00000003,174765900.00000012,000977
20251215,,0.0,-9492600.0,0.0,95479700.00000001,-112453400.00000004,-37081500.00000009,54055200.00000004,000977
20251216,,0.0,-315791100.0,0.0,-134345899.99999997,-178543500.00000003,108322600.00000001,204566900.00000003,000977
20251217,,0.0,567247300.0,0.0,47615100.00000009,94877600.00000001,-122997200.00000001,-19495399.999999937,000977
20251218,,0.0,-386460199.99999994,0.0,-77165000.0,-83918800.00000001,82384000.00000001,78699799.99999996,000977
20251219,,0.0,8476600.0,0.0,-8280100.0000000205,46062900.00000001,-38945799.99999995,1163000.000000029,000977
20251222,,0.0,1098593900.0,0.0,267024700.0,294048000.0,-295063999.99999994,-266008800.00000018,000977
20251223,,0.0,207369900.00000003,0.0,-2378299.999999872,31139899.99999998,-74844499.99999997,46083000.00000003,000977
20251224,,0.0,457880600.0,0.0,110059700.00000001,347773400.00000006,-216882400.00000006,-240950800.00000003,000977
20251225,,0.0,-23531100.0,0.0,-58689600.00000007,-193485199.99999997,89072299.99999996,163102499.99999994,000977
20251226,,0.0,42063300.0,0.0,230165899.99999982,-129815600.00000004,-114119599.99999993,13769199.999999983,000977
20251229,,0.0,240461800.0,0.0,-115310899.99999997,-111727399.99999999,180258399.99999997,46779900.00000005,000977
20251230,,0.0,92531900.0,0.0,-57816100.00000001,-26224599.999999993,-26582899.999999937,110623700.00000003,000977
20251231,,0.0,25550800.0,0.0,-135524199.99999997,-201143799.99999997,97275799.99999994,239392300.00000003,000977
20260105,,0.0,320381700.0,0.0,-51524899.99999991,96119499.99999997,2938300.0000000177,-47532900.00000001,000977
20260106,,0.0,22972900.0,0.0,-175891800.0000001,207555600.00000006,-16288300.000000017,-15375400.000000082,000977
20260107,,0.0,-46278000.0,0.0,-72191300.00000004,-327194199.9999999,55092999.99999988,344292699.9999999,000977
20260108,,0.0,-92538900.0,0.0,-155947200.0,-50375899.99999996,71615800.00000016,134707299.99999997,000977
20260109,,0.0,938609299.9999999,0.0,-104217500.0,204810200.00000003,6310500.000000175,-106903300.00000001,000977
20260112,,0.0,-167149100.0,0.0,-44979400.00000002,19978500.00000006,114834400.00000003,-89833600.0,000977
20260113,,0.0,-567407500.0,0.0,-291233399.99999994,-457456700.0,255701699.99999985,492988500.00000006,000977
20260114,,0.0,880445100.0,0.0,-68312399.99999991,270093399.99999994,-57400500.00000017,-144380500.00000003,000977
20260115,,0.0,-606450800.0,0.0,-147364499.99999997,-236281000.00000006,109048399.99999997,274597000.0,000977
20260116,,0.0,-514359600.0,0.0,64268400.00000011,52933399.99999996,-202302199.99999988,85100500.00000003,000977
20260119,,0.0,-970937500.0,0.0,-314981500.00000006,-399925300.0,183768499.99999976,531138199.99999994,000977
20260120,,0.0,-626376600.0,0.0,-111786800.00000007,-190260800.00000003,75489499.99999997,226557999.99999997,000977
20260121,,0.0,206963300.00000003,0.0,46555800.000000015,83688600.0,-50200400.00000008,-80043900.0,000977
20260122,,0.0,-648923600.0,0.0,-157566300.00000006,-149532399.99999997,86134199.99999999,220964600.00000006,000977
20260123,,0.0,-472481600.00000006,0.0,-16401699.999999983,-97011800.00000004,-120245599.99999997,233659100.00000003,000977
20260126,,0.0,-337186700.0,0.0,-3948399.999999965,326599500.0,-130323999.99999994,-192327100.00000006,000977
20260127,,0.0,-580343200.0,0.0,-259898300.00000003,-201302100.00000006,143640800.00000015,317559599.99999994,000977
20260128,,0.0,166589000.0,0.0,-37380000.0,61297799.999999985,-113353000.00000003,89435200.00000004,000977
20260129,,0.0,-403606500.0,0.0,-65378300.000000015,-292834399.99999994,107468800.00000004,250744000.0,000977
20260130,,0.0,-69690200.0,0.0,-51439400.00000002,-19140200.000000004,-24854199.99999998,95433900.0,000977
20260202,,0.0,-712494700.0,0.0,-211575800.00000003,-214822100.0,55082299.99999996,371315499.99999994,000977
20260203,,0.0,-61020900.0,0.0,4082399.9999999795,-68979799.99999996,37815999.99999991,27081300.000000045,000977
20260204,,0.0,-321138400.0,0.0,-29289000.000000015,-288459800.00000006,91564100.00000003,226184699.99999994,000977
20260205,,0.0,-16834600.0,0.0,-59276899.99999995,-13520699.999999996,43763499.999999985,29034000.000000015,000977
20260206,,0.0,-177166600.0,0.0,53478499.999999985,23536699.99999998,-45685800.000000015,-31329300.000000004,000977
20260209,,0.0,-127254300.0,0.0,75625299.99999999,-24204199.99999998,-12015299.999999989,-39405800.000000015,000977
20260210,,0.0,73618900.0,0.0,36785299.999999985,129716500.00000001,-11921199.999999953,-154580500.00000003,000977
20260211,,0.0,-39442100.0,0.0,-54253700.00000003,51078000.00000003,-20067400.000000052,23243199.999999996,000977
20260212,,0.0,973659100.0,0.0,44954299.99999993,601413400.0,-263822299.99999982,-382545500.0,000977
20260213,,0.0,328842800.0,0.0,-33042599.999999948,-117169199.99999999,47816899.99999988,102394799.99999996,000977
20260224,,0.0,-623329700.0,0.0,-127385299.99999999,-443961500.0,148895700.00000006,422451100.0,000977
20260225,,0.0,-450651200.0,0.0,-51633599.99999993,-233633299.99999997,19333200.00000007,265933700.0000001,000977
20260226,,0.0,114674800.0,0.0,10688899.999999994,-74566999.99999997,24030199.999999896,39847900.00000001,000977
20260227,,0.0,186009800.0,0.0,18522400.000000052,119223600.0,-81488499.99999991,-56257599.99999995,000977
20260302,,0.0,-584611600.0,0.0,-363225300.0,-336972400.00000006,158188999.99999994,542008700.0,000977
20260303,,0.0,-615474700.0,0.0,-356513800.00000006,-346781300.0,196624700.0,506670500.0000001,000977
20260304,,0.0,-170560500.0,0.0,-72536299.99999997,-57716199.99999999,22909800.000000034,107342700.00000004,000977
20260305,,0.0,-138876000.0,0.0,15960999.999999985,11833400.000000002,-9004599.999999918,-18789899.99999998,000977
20260306,,0.0,-60682000.0,0.0,29752700.00000004,-413999.9999999782,-53341499.99999994,24002700.00000004,000977
20260309,,0.0,423528200.0,0.0,93515199.9999999,131214000.00000001,-55634599.99999992,-169094599.9999999,000977
20260310,,0.0,-317935400.0,0.0,-36757899.99999993,-156824600.0,79675000.0,113907500.0,000977
20260311,,0.0,58291000.0,0.0,26456199.999999955,55816600.00000004,-43309799.99999996,-38962999.999999955,000977
20260312,,0.0,342365199.99999994,0.0,197741100.0,145134400.00000003,-162387300.00000012,-180488199.9999999,000977
20260313,,0.0,-389325400.0,0.0,-226853399.99999997,-90125599.99999997,108034299.99999993,208944799.99999997,000977
20260316,,0.0,-192793000.0,0.0,-82249599.99999999,-170173400.0,90830999.99999999,161591899.99999994,000977
20260317,,0.0,-458705500.0,0.0,-143008700.00000003,-205900000.0,28694200.000000056,320214600.0,000977
20260318,,0.0,729366100.0,0.0,214962699.99999988,327867400.00000006,-211913300.00000003,-330916800.0,000977
20260319,,0.0,-223912200.0,0.0,-1440600.0000000494,-109591500.00000001,17623099.999999978,93409099.99999996,000977
20260320,,0.0,-509754800.00000006,0.0,-145051100.0,-220312200.0,116040999.99999991,249322499.99999994,000977
20260323,,0.0,-468455400.0,0.0,-230185299.9999999,-166624800.00000003,64002000.00000012,332808100.0,000977
20260324,,0.0,358639300.0,0.0,89562800.00000006,114126300.00000004,-45031999.99999997,-158657100.0,000977
20260325,,0.0,37873900.0,0.0,24149700.00000001,46839500.000000045,-69738499.99999991,-1250500.000000029,000977
20260326,,0.0,-308450800.0,0.0,-143118900.0,-43968200.0,-412600.0000000204,187499899.99999997,000977
20260327,,0.0,-228378100.0,0.0,-74801999.99999997,24506600.0,-18213699.999999955,68509099.99999996,000977
20260330,,0.0,-157878800.0,0.0,-73600800.00000001,-120805900.0,64914000.000000015,129492799.99999999,000977
20260331,,0.0,-43373900.0,0.0,-30840200.00000004,-52746500.0,23514899.99999998,60071800.0,000977
20260401,,0.0,551142300.0,0.0,155031999.99999997,159512199.99999997,-158006400.0,-156537900.0000001,000977
20260402,,0.0,-438515000.0,0.0,-181664600.0,-98700500.00000001,142542399.99999997,137822599.99999994,000977
20260403,,0.0,55983200.0,0.0,14618799.999999974,36303000.00000001,-15031299.999999974,-35890499.999999955,000977
20260407,,0.0,667432500.0,0.0,103670000.0,227309899.99999997,-252575800.00000003,-78404100.00000003,000977
20260408,,0.0,870879500.0,0.0,105579299.99999993,318144799.99999994,-200647100.00000006,-223076900.00000003,000977
20260409,,0.0,1899478100.0,0.0,-21912399.999999907,566355300.0,-470736900.0,-73706000.00000006,000977
20260410,,0.0,1410209200.0000002,0.0,-264838100.00000027,630679500.0000001,-393615900.00000024,27774599.999999918,000977
20260413,,0.0,813573800.0,0.0,-188365000.0,-151044100.00000003,-55881399.99999985,395290600.0,000977
20260414,,0.0,70594200.0,0.0,-334268900.0,-506017299.99999994,229603999.99999994,610682200.0,000977
20260415,,0.0,595395300.0,0.0,97947500.0,172951400.0,128238500.00000006,-399137500.0,000977
20260416,,0.0,70071300.0,0.0,-101503600.0,-209629199.99999997,-35220200.00000004,346353000.0,000977
20260417,,0.0,166748000.0,0.0,-243466299.9999999,147388000.00000003,-178491400.0,274569700.0,000977
20260420,,0.0,960214400.0,0.0,-531073899.9999998,1726027300.0,-612746700.0000001,-582206800.0000002,000977
20260421,,0.0,43396700.0,0.0,153899100.00000003,-1096248500.0,259126100.00000015,683223200.0000001,000977
20260422,,0.0,873012400.0,0.0,-100953199.99999978,430097600.0000001,232216700.00000012,-561361000.0,000977
20260423,,0.0,-68186300.0,0.0,-105487200.00000001,-151872800.0,142306400.00000015,115053499.99999991,000977
20260424,,0.0,889554500.0,0.0,290438899.9999998,57427299.999999814,-61773700.000000246,-286092500.0,000977
20260427,,0.0,-444811300.0,0.0,-14680399.999999937,-381574800.0000001,-18210000.0,414465200.00000006,000977
20260428,,0.0,-352251000.0,0.0,-156884900.00000006,-405823100.00000006,15464599.999999918,547243500.0,000977
20260429,,0.0,305432400.0,0.0,112595000.0,199658200.0,-87027100.00000006,-225225999.9999999,000977
20260430,,0.0,-203470600.0,0.0,-238993999.99999994,-995157300.0000001,514815899.9999997,719335300.0,000977
20260506,,0.0,1132867900.0,0.0,144343800.00000006,105320100.00000009,27352900.000000082,-277016799.99999994,000977
20260507,,0.0,-370239600.0,0.0,170048399.99999997,-132047700.00000004,-164190599.99999997,126190099.99999994,000977
20260508,,0.0,1525526600.0,0.0,316307600.0000001,875302500.0,-467097700.0000002,-724512399.9999999,000977
20260511,,0.0,-725990200.0,0.0,85678699.99999996,-874218599.9999999,267994899.9999999,520545000.0,000977
20260512,,0.0,-377645700.0,0.0,-205555499.99999988,-415525300.0,102163699.99999996,518917099.99999994,000977
20260513,,0.0,1678381200.0,0.0,188335899.99999997,583760300.0,-176967300.00000012,-595129000.0,000977
20260514,,0.0,-1798549200.0000002,0.0,-211009699.99999973,-713137600.0000001,307142300.0000004,617004899.9999999,000977
20260515,,0.0,20230400.0,0.0,-10256499.999999942,-345922200.0,7698400.000000256,348480300.0,000977
20260518,,0.0,-63515700.0,0.0,60051100.00000001,-32561100.000000007,-30658999.99999994,3169000.0000000875,000977
20260519,,0.0,115473400.0,0.0,31827200.00000001,30967000.000000115,-172053600.00000015,109259399.99999973,000977
20260520,,0.0,-269577600.0,0.0,20536999.99999997,-20606100.000000007,15286399.99999985,-15217400.000000052,000977
20260521,,0.0,-1253198200.0,0.0,-530420199.9999999,-594299400.0,296387800.0,828331799.9999999,000977
20260522,,0.0,313004300.0,0.0,97369899.99999991,39323899.99999999,-127817699.9999999,-8876000.000000058,000977
20260525,,0.0,59186899.99999999,0.0,56623699.999999955,-32581100.000000007,-38818699.999999955,14776199.999999953,000977
20260526,,0.0,-581929600.0,0.0,-207961900.00000003,-260334799.99999997,34732500.0,433564299.99999994,000977
20260527,,0.0,-464674700.0,0.0,-217895000.0,-256221400.0,16527899.999999791,457588599.9999999,000977
20260528,,0.0,211492000.0,0.0,112819400.00000003,168510500.00000003,-185683299.99999988,-95646600.00000003,000977
20260529,,0.0,-636624400.0,0.0,-241147099.9999999,601657900.0000001,-62600799.99999987,-297910100.0000001,000977
20260601,,0.0,-664419400.0,0.0,32521000.00000006,108604799.99999982,7252299.999999814,-148378099.99999997,000977
20260602,,0.0,58576600.0,0.0,88214800.0000001,84535800.00000001,-76972899.99999979,-95777700.00000004,000977
20260603,,0.0,-451252100.0,0.0,-115471600.00000003,-327415000.0,200633999.99999994,242252500.0,000977
20260604,,0.0,-54800.00000000001,0.0,-206748799.9999999,-140858900.0,48771000.00000006,298836700.0,000977
20260605,,0.0,-102358400.0,0.0,-146784099.99999988,-41119900.00000005,-18096399.999999847,206000399.99999994,000977
20260608,,0.0,-547472800.0,0.0,-592418700.0,-248067899.99999994,208975799.99999988,631510800.0000001,000977
20260609,,0.0,165172300.0,0.0,-2811500.0000000144,-25075699.999999996,-32574100.000000034,60461300.000000045,000977
20260610,,0.0,-357202300.00000006,0.0,-5837099.999999918,54485999.999999985,27973000.00000003,-76621800.00000007,000977
20260611,,0.0,-332209100.00000006,0.0,-146482100.0,-200304700.0,54850700.00000007,291936000.0,000977
20260612,,0.0,-147167800.0,0.0,-104100700.00000007,-96365299.99999999,127410700.00000007,73055300.00000006,000977
20260615,,0.0,1404790300.0,0.0,229851799.99999994,467007200.0,-232217300.00000012,-464641599.9999999,000977
20260616,,0.0,-586776300.0,0.0,-84391500.00000009,-197066599.99999997,98347400.00000006,183110599.99999997,000977
20260617,,0.0,294720800.0,0.0,80527200.00000001,247368900.00000006,-97387399.99999991,-230508600.0,000977
20260618,,0.0,170004600.0,0.0,22858700.0000001,152504400.00000003,-72059199.99999984,-103303999.99999994,000977
20260622,,0.0,-175541400.0,0.0,-220924099.99999988,-3267799.9999999884,52777500.0,171414499.99999997,000977
20260623,,0.0,-474282000.0,0.0,-87694700.00000001,-141794400.00000003,40276199.999999955,189213000.00000003,000977
20260624,,0.0,139447400.0,0.0,1891100.0000000058,46362399.99999998,-15442200.000000011,-32811399.999999993,000977
20260625,,0.0,936966000.0,0.0,372490600.0,434057199.9999999,-297224800.0000001,-509322999.9999999,000977
20260626,,0.0,-923635399.9999999,0.0,-208173499.9999999,-284260300.0,102542500.0,389891300.00000006,000977
20260629,,0.0,637965600.0,0.0,514664899.9999999,186428499.9999999,-262421700.00000012,-438671700.0,000977
20260630,,0.0,1973144300.0,0.0,132816999.99999982,1251438899.9999998,-614669200.0000001,-769586800.0000001,000977
20260701,,0.0,-1188576500.0,0.0,-219440300.0,-233589699.99999988,-98069100.00000003,551099200.0000001,000977
20260702,,0.0,-682873200.0000001,0.0,-131370099.99999994,-316950999.99999994,64134800.000000104,384186400.0,000977
20260703,,0.0,1038105600.0,0.0,-157187800.0,891187100.0000001,-377401199.99999994,-356598100.0,000977
20260706,,0.0,954845000.0,0.0,229673300.00000015,108090099.9999998,-85447799.99999999,-252315599.99999997,000977
